timestamp,voltage
0.0,4.02651892430276
3.90625e-05,4.02651892430276
7.8125e-05,3.02651892430276
0.0001171875,2.02651892430276
0.00015625,0.0265189243027635
0.0001953125,-1.97348107569724
0.000234375,-2.97348107569724
0.0002734375,-2.97348107569724
0.0003125,-1.97348107569724
0.0003515625,-0.973481075697237
0.000390625,-0.973481075697237
0.0004296875,-0.973481075697237
0.00046875,-0.973481075697237
0.0005078125,-0.973481075697237
0.000546875,-0.973481075697237
0.0005859375,-1.97348107569724
0.000625,-3.97348107569724
0.0006640625,-5.97348107569724
0.000703125,-8.97348107569724
0.0007421875,-10.9734810756972
0.00078125,-11.9734810756972
0.0008203125,-12.9734810756972
0.000859375,-11.9734810756972
0.0008984375,5.02651892430276
0.0009375,7.02651892430276
0.0009765625,8.02651892430276
0.001015625,9.02651892430276
0.0010546875,9.02651892430276
0.00109375,11.0265189243028
0.0011328125,14.0265189243028
0.001171875,15.0265189243028
0.0012109375,15.0265189243028
0.00125,14.0265189243028
0.0012890625,13.0265189243028
0.001328125,11.0265189243028
0.0013671875,10.0265189243028
0.00140625,8.02651892430276
0.0014453125,9.02651892430276
0.001484375,12.0265189243028
0.0015234375,12.0265189243028
0.0015625,11.0265189243028
0.0016015625,10.0265189243028
0.001640625,7.02651892430276
0.0016796875,6.02651892430276
0.00171875,4.02651892430276
0.0017578125,4.02651892430276
0.001796875,3.02651892430276
0.0018359375,2.02651892430276
0.001875,0.0265189243027635
0.0019140625,-3.97348107569724
0.001953125,-5.97348107569724
0.0019921875,-7.97348107569724
0.00203125,-10.9734810756972
0.0020703125,-11.9734810756972
0.002109375,-12.9734810756972
0.0021484375,-13.9734810756972
0.0021875,-13.9734810756972
0.0022265625,-13.9734810756972
0.002265625,-13.9734810756972
0.0023046875,-11.9734810756972
0.00234375,-10.9734810756972
0.0023828125,-8.97348107569724
0.002421875,-3.97348107569724
0.0024609375,0.0265189243027635
0.0025,3.02651892430276
0.0025390625,5.02651892430276
0.002578125,5.02651892430276
0.0026171875,3.02651892430276
0.00265625,2.02651892430276
0.0026953125,-0.973481075697237
0.002734375,-1.97348107569724
0.0027734375,-1.97348107569724
0.0028125,-0.973481075697237
0.0028515625,-0.973481075697237
0.002890625,-0.973481075697237
0.0029296875,-1.97348107569724
0.00296875,-2.97348107569724
0.0030078125,-1.97348107569724
0.003046875,-0.973481075697237
0.0030859375,2.02651892430276
0.003125,5.02651892430276
0.0031640625,7.02651892430276
0.003203125,7.02651892430276
0.0032421875,7.02651892430276
0.00328125,5.02651892430276
0.0033203125,5.02651892430276
0.003359375,3.02651892430276
0.0033984375,1.02651892430276
0.0034375,-1.97348107569724
0.0034765625,-2.97348107569724
0.003515625,-4.97348107569724
0.0035546875,-6.97348107569724
0.00359375,-6.97348107569724
0.0036328125,-8.97348107569724
0.003671875,-6.97348107569724
0.0037109375,-4.97348107569724
0.00375,-1.97348107569724
0.0037890625,1.02651892430276
0.003828125,3.02651892430276
0.0038671875,5.02651892430276
0.00390625,6.02651892430276
0.0039453125,5.02651892430276
0.003984375,4.02651892430276
0.0040234375,3.02651892430276
0.0040625,3.02651892430276
0.0041015625,3.02651892430276
0.004140625,1.02651892430276
0.0041796875,1.02651892430276
0.00421875,0.0265189243027635
0.0042578125,-0.973481075697237
0.004296875,-0.973481075697237
0.0043359375,-1.97348107569724
0.004375,-0.973481075697237
0.0044140625,1.02651892430276
0.004453125,2.02651892430276
0.0044921875,3.02651892430276
0.00453125,3.02651892430276
0.0045703125,2.02651892430276
0.004609375,2.02651892430276
0.0046484375,1.02651892430276
0.0046875,1.02651892430276
0.0047265625,-1.97348107569724
0.004765625,-3.97348107569724
0.0048046875,-3.97348107569724
0.00484375,-5.97348107569724
0.0048828125,-5.97348107569724
0.004921875,-6.97348107569724
0.0049609375,-5.97348107569724
0.005,-4.97348107569724
0.0050390625,-1.97348107569724
0.005078125,1.02651892430276
0.0051171875,3.02651892430276
0.00515625,4.02651892430276
0.0051953125,3.02651892430276
0.005234375,3.02651892430276
0.0052734375,2.02651892430276
0.0053125,2.02651892430276
0.0053515625,5.02651892430276
0.005390625,6.02651892430276
0.0054296875,6.02651892430276
0.00546875,6.02651892430276
0.0055078125,4.02651892430276
0.005546875,0.0265189243027635
0.0055859375,-2.97348107569724
0.005625,-4.97348107569724
0.0056640625,-4.97348107569724
0.005703125,-4.97348107569724
0.0057421875,-2.97348107569724
0.00578125,-1.97348107569724
0.0058203125,-1.97348107569724
0.005859375,-0.973481075697237
0.0058984375,-0.973481075697237
0.0059375,0.0265189243027635
0.0059765625,1.02651892430276
0.006015625,2.02651892430276
0.0060546875,5.02651892430276
0.00609375,5.02651892430276
0.0061328125,6.02651892430276
0.006171875,5.02651892430276
0.0062109375,5.02651892430276
0.00625,4.02651892430276
0.0062890625,3.02651892430276
0.006328125,2.02651892430276
0.0063671875,1.02651892430276
0.00640625,1.02651892430276
0.0064453125,0.0265189243027635
0.006484375,0.0265189243027635
0.0065234375,-0.973481075697237
0.0065625,-0.973481075697237
0.0066015625,-1.97348107569724
0.006640625,-0.973481075697237
0.0066796875,1.02651892430276
0.00671875,2.02651892430276
0.0067578125,2.02651892430276
0.006796875,1.02651892430276
0.0068359375,0.0265189243027635
0.006875,-1.97348107569724
0.0069140625,-2.97348107569724
0.006953125,-3.97348107569724
0.0069921875,-2.97348107569724
0.00703125,-1.97348107569724
0.0070703125,-2.97348107569724
0.007109375,-2.97348107569724
0.0071484375,-5.97348107569724
0.0071875,-6.97348107569724
0.0072265625,-6.97348107569724
0.007265625,-5.97348107569724
0.0073046875,-4.97348107569724
0.00734375,-2.97348107569724
0.0073828125,-0.973481075697237
0.007421875,0.0265189243027635
0.0074609375,-0.973481075697237
0.0075,-0.973481075697237
0.0075390625,-0.973481075697237
0.007578125,0.0265189243027635
0.0076171875,0.0265189243027635
0.00765625,2.02651892430276
0.0076953125,4.02651892430276
0.007734375,5.02651892430276
0.0077734375,5.02651892430276
0.0078125,6.02651892430276
0.0078515625,5.02651892430276
0.007890625,5.02651892430276
0.0079296875,5.02651892430276
0.00796875,6.02651892430276
0.0080078125,5.02651892430276
0.008046875,5.02651892430276
0.0080859375,5.02651892430276
0.008125,4.02651892430276
0.0081640625,2.02651892430276
0.008203125,1.02651892430276
0.0082421875,-0.973481075697237
0.00828125,-1.97348107569724
0.0083203125,-1.97348107569724
0.008359375,-4.97348107569724
0.0083984375,-6.97348107569724
0.0084375,-8.97348107569724
0.0084765625,-12.9734810756972
0.008515625,-14.9734810756972
0.0085546875,-16.9734810756972
0.00859375,-14.9734810756972
0.0086328125,-11.9734810756972
0.008671875,-7.97348107569724
0.0087109375,-4.97348107569724
0.00875,-2.97348107569724
0.0087890625,1.02651892430276
0.008828125,3.02651892430276
0.0088671875,6.02651892430276
0.00890625,9.02651892430276
0.0089453125,10.0265189243028
0.008984375,12.0265189243028
0.0090234375,14.0265189243028
0.0090625,13.0265189243028
0.0091015625,11.0265189243028
0.009140625,8.02651892430276
0.0091796875,7.02651892430276
0.00921875,6.02651892430276
0.0092578125,6.02651892430276
0.009296875,5.02651892430276
0.0093359375,3.02651892430276
0.009375,4.02651892430276
0.0094140625,4.02651892430276
0.009453125,3.02651892430276
0.0094921875,3.02651892430276
0.00953125,3.02651892430276
0.0095703125,4.02651892430276
0.009609375,5.02651892430276
0.0096484375,4.02651892430276
0.0096875,2.02651892430276
0.0097265625,-0.973481075697237
0.009765625,-4.97348107569724
0.0098046875,-8.97348107569724
0.00984375,-10.9734810756972
0.0098828125,-11.9734810756972
0.009921875,-11.9734810756972
0.0099609375,-10.9734810756972
0.01,-10.9734810756972
0.0100390625,-10.9734810756972
0.010078125,-9.97348107569724
0.0101171875,-8.97348107569724
0.01015625,-6.97348107569724
0.0101953125,-4.97348107569724
0.010234375,-2.97348107569724
0.0102734375,0.0265189243027635
0.0103125,4.02651892430276
0.0103515625,7.02651892430276
0.010390625,9.02651892430276
0.0104296875,11.0265189243028
0.01046875,12.0265189243028
0.0105078125,12.0265189243028
0.010546875,14.0265189243028
0.0105859375,13.0265189243028
0.010625,12.0265189243028
0.0106640625,11.0265189243028
0.010703125,8.02651892430276
0.0107421875,5.02651892430276
0.01078125,3.02651892430276
0.0108203125,1.02651892430276
0.010859375,0.0265189243027635
0.0108984375,0.0265189243027635
0.0109375,-1.97348107569724
0.0109765625,-2.97348107569724
0.011015625,-2.97348107569724
0.0110546875,-4.97348107569724
0.01109375,-5.97348107569724
0.0111328125,-8.97348107569724
0.011171875,-9.97348107569724
0.0112109375,-8.97348107569724
0.01125,-7.97348107569724
0.0112890625,-6.97348107569724
0.011328125,-7.97348107569724
0.0113671875,-7.97348107569724
0.01140625,-8.97348107569724
0.0114453125,-10.9734810756972
0.011484375,-11.9734810756972
0.0115234375,-12.9734810756972
0.0115625,-13.9734810756972
0.0116015625,-9.97348107569724
0.011640625,-5.97348107569724
0.0116796875,-1.97348107569724
0.01171875,1.02651892430276
0.0117578125,4.02651892430276
0.011796875,8.02651892430276
0.0118359375,12.0265189243028
0.011875,13.0265189243028
0.0119140625,14.0265189243028
0.011953125,12.0265189243028
0.0119921875,10.0265189243028
0.01203125,8.02651892430276
0.0120703125,4.02651892430276
0.012109375,2.02651892430276
0.0121484375,1.02651892430276
0.0121875,1.02651892430276
0.0122265625,4.02651892430276
0.012265625,8.02651892430276
0.0123046875,10.0265189243028
0.01234375,11.0265189243028
0.0123828125,10.0265189243028
0.012421875,9.02651892430276
0.0124609375,8.02651892430276
0.0125,6.02651892430276
0.0125390625,6.02651892430276
0.012578125,4.02651892430276
0.0126171875,2.02651892430276
0.01265625,1.02651892430276
0.0126953125,-2.97348107569724
0.012734375,-5.97348107569724
0.0127734375,-7.97348107569724
0.0128125,-9.97348107569724
0.0128515625,-8.97348107569724
0.012890625,-7.97348107569724
0.0129296875,-6.97348107569724
0.01296875,-5.97348107569724
0.0130078125,-6.97348107569724
0.013046875,-8.97348107569724
0.0130859375,-9.97348107569724
0.013125,-8.97348107569724
0.0131640625,-8.97348107569724
0.013203125,-7.97348107569724
0.0132421875,-6.97348107569724
0.01328125,-6.97348107569724
0.0133203125,-7.97348107569724
0.013359375,-8.97348107569724
0.0133984375,-9.97348107569724
0.0134375,-9.97348107569724
0.0134765625,-7.97348107569724
0.013515625,-6.97348107569724
0.0135546875,-2.97348107569724
0.01359375,-0.973481075697237
0.0136328125,-0.973481075697237
0.013671875,0.0265189243027635
0.0137109375,2.02651892430276
0.01375,3.02651892430276
0.0137890625,6.02651892430276
0.013828125,9.02651892430276
0.0138671875,12.0265189243028
0.01390625,14.0265189243028
0.0139453125,14.0265189243028
0.013984375,13.0265189243028
0.0140234375,13.0265189243028
0.0140625,10.0265189243028
0.0141015625,11.0265189243028
0.014140625,12.0265189243028
0.0141796875,12.0265189243028
0.01421875,11.0265189243028
0.0142578125,10.0265189243028
0.014296875,6.02651892430276
0.0143359375,2.02651892430276
0.014375,-0.973481075697237
0.0144140625,-2.97348107569724
0.014453125,-4.97348107569724
0.0144921875,-3.97348107569724
0.01453125,-3.97348107569724
0.0145703125,-4.97348107569724
0.014609375,-4.97348107569724
0.0146484375,-6.97348107569724
0.0146875,-7.97348107569724
0.0147265625,-7.97348107569724
0.014765625,-5.97348107569724
0.0148046875,-5.97348107569724
0.01484375,-4.97348107569724
0.0148828125,-2.97348107569724
0.014921875,-1.97348107569724
0.0149609375,-1.97348107569724
0.015,-1.97348107569724
0.0150390625,-2.97348107569724
0.015078125,-2.97348107569724
0.0151171875,1.02651892430276
0.01515625,1.02651892430276
0.0151953125,3.02651892430276
0.015234375,4.02651892430276
0.0152734375,2.02651892430276
0.0153125,2.02651892430276
0.0153515625,3.02651892430276
0.015390625,5.02651892430276
0.0154296875,8.02651892430276
0.01546875,12.0265189243028
0.0155078125,13.0265189243028
0.015546875,15.0265189243028
0.0155859375,16.0265189243028
0.015625,14.0265189243028
0.0156640625,12.0265189243028
0.015703125,9.02651892430276
0.0157421875,6.02651892430276
0.01578125,3.02651892430276
0.0158203125,1.02651892430276
0.015859375,-1.97348107569724
0.0158984375,-3.97348107569724
0.0159375,-7.97348107569724
0.0159765625,-11.9734810756972
0.016015625,-11.9734810756972
0.0160546875,-12.9734810756972
0.01609375,-12.9734810756972
0.0161328125,-11.9734810756972
0.016171875,-10.9734810756972
0.0162109375,-9.97348107569724
0.01625,-8.97348107569724
0.0162890625,-8.97348107569724
0.016328125,-9.97348107569724
0.0163671875,-10.9734810756972
0.01640625,-10.9734810756972
0.0164453125,-9.97348107569724
0.016484375,-9.97348107569724
0.0165234375,-9.97348107569724
0.0165625,-9.97348107569724
0.0166015625,-9.97348107569724
0.016640625,-7.97348107569724
0.0166796875,-5.97348107569724
0.01671875,-1.97348107569724
0.0167578125,2.02651892430276
0.016796875,5.02651892430276
0.0168359375,6.02651892430276
0.016875,8.02651892430276
0.0169140625,8.02651892430276
0.016953125,8.02651892430276
0.0169921875,7.02651892430276
0.01703125,6.02651892430276
0.0170703125,7.02651892430276
0.017109375,8.02651892430276
0.0171484375,10.0265189243028
0.0171875,11.0265189243028
0.0172265625,11.0265189243028
0.017265625,10.0265189243028
0.0173046875,7.02651892430276
0.01734375,5.02651892430276
0.0173828125,1.02651892430276
0.017421875,-2.97348107569724
0.0174609375,-4.97348107569724
0.0175,-5.97348107569724
0.0175390625,-7.97348107569724
0.017578125,-8.97348107569724
0.0176171875,-8.97348107569724
0.01765625,-8.97348107569724
0.0176953125,-8.97348107569724
0.017734375,-6.97348107569724
0.0177734375,-3.97348107569724
0.0178125,-0.973481075697237
0.0178515625,0.0265189243027635
0.017890625,1.02651892430276
0.0179296875,2.02651892430276
0.01796875,-0.973481075697237
0.0180078125,2.02651892430276
0.018046875,3.02651892430276
0.0180859375,6.02651892430276
0.018125,9.02651892430276
0.0181640625,9.02651892430276
0.018203125,10.0265189243028
0.0182421875,11.0265189243028
0.01828125,10.0265189243028
0.0183203125,10.0265189243028
0.018359375,12.0265189243028
0.0183984375,12.0265189243028
0.0184375,14.0265189243028
0.0184765625,15.0265189243028
0.018515625,15.0265189243028
0.0185546875,15.0265189243028
0.01859375,13.0265189243028
0.0186328125,12.0265189243028
0.018671875,9.02651892430276
0.0187109375,8.02651892430276
0.01875,4.02651892430276
0.0187890625,0.0265189243027635
0.018828125,-3.97348107569724
0.0188671875,-7.97348107569724
0.01890625,-8.97348107569724
0.0189453125,-12.9734810756972
0.018984375,-12.9734810756972
0.0190234375,-13.9734810756972
0.0190625,-12.9734810756972
0.0191015625,-10.9734810756972
0.019140625,-10.9734810756972
0.0191796875,-11.9734810756972
0.01921875,-11.9734810756972
0.0192578125,-12.9734810756972
0.019296875,-10.9734810756972
0.0193359375,-8.97348107569724
0.019375,-5.97348107569724
0.0194140625,-3.97348107569724
0.019453125,-1.97348107569724
0.0194921875,0.0265189243027635
0.01953125,1.02651892430276
0.0195703125,3.02651892430276
0.019609375,3.02651892430276
0.0196484375,4.02651892430276
0.0196875,4.02651892430276
0.0197265625,2.02651892430276
0.019765625,0.0265189243027635
0.0198046875,-2.97348107569724
0.01984375,-6.97348107569724
0.0198828125,-7.97348107569724
0.019921875,-9.97348107569724
0.0199609375,-10.9734810756972
0.02,-9.97348107569724
0.0200390625,-6.97348107569724
0.020078125,-3.97348107569724
0.0201171875,-2.97348107569724
0.02015625,-2.97348107569724
0.0201953125,-4.97348107569724
0.020234375,-4.97348107569724
0.0202734375,-3.97348107569724
0.0203125,-3.97348107569724
0.0203515625,-3.97348107569724
0.020390625,-2.97348107569724
0.0204296875,-0.973481075697237
0.02046875,-0.973481075697237
0.0205078125,0.0265189243027635
0.020546875,1.02651892430276
0.0205859375,2.02651892430276
0.020625,2.02651892430276
0.0206640625,3.02651892430276
0.020703125,4.02651892430276
0.0207421875,5.02651892430276
0.02078125,4.02651892430276
0.0208203125,3.02651892430276
0.020859375,1.02651892430276
0.0208984375,0.0265189243027635
0.0209375,0.0265189243027635
0.0209765625,1.02651892430276
0.021015625,2.02651892430276
0.0210546875,4.02651892430276
0.02109375,5.02651892430276
0.0211328125,6.02651892430276
0.021171875,6.02651892430276
0.0212109375,6.02651892430276
0.02125,8.02651892430276
0.0212890625,9.02651892430276
0.021328125,11.0265189243028
0.0213671875,12.0265189243028
0.02140625,12.0265189243028
0.0214453125,11.0265189243028
0.021484375,10.0265189243028
0.0215234375,8.02651892430276
0.0215625,6.02651892430276
0.0216015625,5.02651892430276
0.021640625,5.02651892430276
0.0216796875,3.02651892430276
0.02171875,3.02651892430276
0.0217578125,3.02651892430276
0.021796875,2.02651892430276
0.0218359375,0.0265189243027635
0.021875,0.0265189243027635
0.0219140625,0.0265189243027635
0.021953125,0.0265189243027635
0.0219921875,0.0265189243027635
0.02203125,2.02651892430276
0.0220703125,0.0265189243027635
0.022109375,0.0265189243027635
0.0221484375,-0.973481075697237
0.0221875,-0.973481075697237
0.0222265625,0.0265189243027635
0.022265625,0.0265189243027635
0.0223046875,1.02651892430276
0.02234375,3.02651892430276
0.0223828125,2.02651892430276
0.022421875,-0.973481075697237
0.0224609375,-1.97348107569724
0.0225,-3.97348107569724
0.0225390625,-4.97348107569724
0.022578125,-5.97348107569724
0.0226171875,-3.97348107569724
0.02265625,-2.97348107569724
0.0226953125,-0.973481075697237
0.022734375,-0.973481075697237
0.0227734375,-0.973481075697237
0.0228125,-1.97348107569724
0.0228515625,-4.97348107569724
0.022890625,-6.97348107569724
0.0229296875,-7.97348107569724
0.02296875,-9.97348107569724
0.0230078125,-9.97348107569724
0.023046875,-9.97348107569724
0.0230859375,-9.97348107569724
0.023125,-9.97348107569724
0.0231640625,-9.97348107569724
0.023203125,-7.97348107569724
0.0232421875,-3.97348107569724
0.02328125,-0.973481075697237
0.0233203125,2.02651892430276
0.023359375,3.02651892430276
0.0233984375,5.02651892430276
0.0234375,4.02651892430276
0.0234765625,4.02651892430276
0.023515625,2.02651892430276
0.0235546875,3.02651892430276
0.02359375,3.02651892430276
0.0236328125,3.02651892430276
0.023671875,2.02651892430276
0.0237109375,1.02651892430276
0.02375,-0.973481075697237
0.0237890625,-3.97348107569724
0.023828125,-6.97348107569724
0.0238671875,-8.97348107569724
0.02390625,-7.97348107569724
0.0239453125,-6.97348107569724
0.023984375,-3.97348107569724
0.0240234375,-2.97348107569724
0.0240625,-2.97348107569724
0.0241015625,-2.97348107569724
0.024140625,-2.97348107569724
0.0241796875,-1.97348107569724
0.02421875,0.0265189243027635
0.0242578125,2.02651892430276
0.024296875,2.02651892430276
0.0243359375,3.02651892430276
0.024375,3.02651892430276
0.0244140625,2.02651892430276
0.024453125,2.02651892430276
0.0244921875,1.02651892430276
0.02453125,2.02651892430276
0.0245703125,4.02651892430276
0.024609375,7.02651892430276
0.0246484375,10.0265189243028
0.0246875,11.0265189243028
0.0247265625,12.0265189243028
0.024765625,12.0265189243028
0.0248046875,11.0265189243028
0.02484375,11.0265189243028
0.0248828125,11.0265189243028
0.024921875,11.0265189243028
0.0249609375,9.02651892430276
0.025,5.02651892430276
0.0250390625,1.02651892430276
0.025078125,-1.97348107569724
0.0251171875,-5.97348107569724
0.02515625,-8.97348107569724
0.0251953125,-9.97348107569724
0.025234375,-9.97348107569724
0.0252734375,-7.97348107569724
0.0253125,-6.97348107569724
0.0253515625,-5.97348107569724
0.025390625,-3.97348107569724
0.0254296875,-3.97348107569724
0.02546875,-3.97348107569724
0.0255078125,-2.97348107569724
0.025546875,-3.97348107569724
0.0255859375,-4.97348107569724
0.025625,-3.97348107569724
0.0256640625,-2.97348107569724
0.025703125,-4.97348107569724
0.0257421875,-3.97348107569724
0.02578125,-3.97348107569724
0.0258203125,-2.97348107569724
0.025859375,0.0265189243027635
0.0258984375,3.02651892430276
0.0259375,5.02651892430276
0.0259765625,7.02651892430276
0.026015625,8.02651892430276
0.0260546875,9.02651892430276
0.02609375,11.0265189243028
0.0261328125,12.0265189243028
0.026171875,11.0265189243028
0.0262109375,11.0265189243028
0.02625,10.0265189243028
0.0262890625,8.02651892430276
0.026328125,5.02651892430276
0.0263671875,3.02651892430276
0.02640625,-0.973481075697237
0.0264453125,-2.97348107569724
0.026484375,-4.97348107569724
0.0265234375,-6.97348107569724
0.0265625,-5.97348107569724
0.0266015625,-8.97348107569724
0.026640625,-9.97348107569724
0.0266796875,-11.9734810756972
0.02671875,-12.9734810756972
0.0267578125,-13.9734810756972
0.026796875,-13.9734810756972
0.0268359375,-8.97348107569724
0.026875,-4.97348107569724
0.0269140625,-0.973481075697237
0.026953125,4.02651892430276
0.0269921875,7.02651892430276
0.02703125,6.02651892430276
0.0270703125,5.02651892430276
0.027109375,5.02651892430276
0.0271484375,4.02651892430276
0.0271875,5.02651892430276
0.0272265625,6.02651892430276
0.027265625,8.02651892430276
0.0273046875,9.02651892430276
0.02734375,8.02651892430276
0.0273828125,8.02651892430276
0.027421875,7.02651892430276
0.0274609375,6.02651892430276
0.0275,5.02651892430276
0.0275390625,3.02651892430276
0.027578125,1.02651892430276
0.0276171875,0.0265189243027635
0.02765625,-0.973481075697237
0.0276953125,-1.97348107569724
0.027734375,0.0265189243027635
0.0277734375,1.02651892430276
0.0278125,2.02651892430276
0.0278515625,3.02651892430276
0.027890625,2.02651892430276
0.0279296875,0.0265189243027635
0.02796875,-2.97348107569724
0.0280078125,-7.97348107569724
0.028046875,-12.9734810756972
0.0280859375,-14.9734810756972
0.028125,-17.9734810756972
0.0281640625,-17.9734810756972
0.028203125,-16.9734810756972
0.0282421875,-15.9734810756972
0.02828125,-13.9734810756972
0.0283203125,-13.9734810756972
0.028359375,-11.9734810756972
0.0283984375,-10.9734810756972
0.0284375,-7.97348107569724
0.0284765625,-3.97348107569724
0.028515625,0.0265189243027635
0.0285546875,3.02651892430276
0.02859375,4.02651892430276
0.0286328125,5.02651892430276
0.028671875,6.02651892430276
0.0287109375,5.02651892430276
0.02875,5.02651892430276
0.0287890625,6.02651892430276
0.028828125,5.02651892430276
0.0288671875,5.02651892430276
0.02890625,8.02651892430276
0.0289453125,8.02651892430276
0.028984375,8.02651892430276
0.0290234375,9.02651892430276
0.0290625,10.0265189243028
0.0291015625,11.0265189243028
0.029140625,12.0265189243028
0.0291796875,13.0265189243028
0.02921875,12.0265189243028
0.0292578125,12.0265189243028
0.029296875,11.0265189243028
0.0293359375,8.02651892430276
0.029375,7.02651892430276
0.0294140625,6.02651892430276
0.029453125,5.02651892430276
0.0294921875,4.02651892430276
0.02953125,3.02651892430276
0.0295703125,1.02651892430276
0.029609375,-1.97348107569724
0.0296484375,-5.97348107569724
0.0296875,-8.97348107569724
0.0297265625,-9.97348107569724
0.029765625,-9.97348107569724
0.0298046875,-8.97348107569724
0.02984375,-6.97348107569724
0.0298828125,-4.97348107569724
0.029921875,-3.97348107569724
0.0299609375,-1.97348107569724
0.03,-0.973481075697237
0.0300390625,-0.973481075697237
0.030078125,0.0265189243027635
0.0301171875,1.02651892430276
0.03015625,1.02651892430276
0.0301953125,2.02651892430276
0.030234375,3.02651892430276
0.0302734375,4.02651892430276
0.0303125,4.02651892430276
0.0303515625,3.02651892430276
0.030390625,4.02651892430276
0.0304296875,4.02651892430276
0.03046875,4.02651892430276
0.0305078125,3.02651892430276
0.030546875,2.02651892430276
0.0305859375,0.0265189243027635
0.030625,-1.97348107569724
0.0306640625,-3.97348107569724
0.030703125,-4.97348107569724
0.0307421875,-5.97348107569724
0.03078125,-3.97348107569724
0.0308203125,-3.97348107569724
0.030859375,-3.97348107569724
0.0308984375,-2.97348107569724
0.0309375,-2.97348107569724
0.0309765625,-2.97348107569724
0.031015625,-2.97348107569724
0.0310546875,-0.973481075697237
0.03109375,-1.97348107569724
0.0311328125,0.0265189243027635
0.031171875,-0.973481075697237
0.0312109375,-2.97348107569724
0.03125,-4.97348107569724
0.0312890625,-5.97348107569724
0.031328125,-5.97348107569724
0.0313671875,-4.97348107569724
0.03140625,-2.97348107569724
0.0314453125,-0.973481075697237
0.031484375,1.02651892430276
0.0315234375,1.02651892430276
0.0315625,1.02651892430276
0.0316015625,0.0265189243027635
0.031640625,-1.97348107569724
0.0316796875,-3.97348107569724
0.03171875,-4.97348107569724
0.0317578125,-3.97348107569724
0.031796875,-3.97348107569724
0.0318359375,-2.97348107569724
0.031875,-2.97348107569724
0.0319140625,-2.97348107569724
0.031953125,-0.973481075697237
0.0319921875,-0.973481075697237
0.03203125,0.0265189243027635
0.0320703125,1.02651892430276
0.032109375,2.02651892430276
0.0321484375,2.02651892430276
0.0321875,1.02651892430276
0.0322265625,0.0265189243027635
0.032265625,-0.973481075697237
0.0323046875,-0.973481075697237
0.03234375,1.02651892430276
0.0323828125,3.02651892430276
0.032421875,4.02651892430276
0.0324609375,5.02651892430276
0.0325,4.02651892430276
0.0325390625,4.02651892430276
0.032578125,3.02651892430276
0.0326171875,2.02651892430276
0.03265625,3.02651892430276
0.0326953125,4.02651892430276
0.032734375,3.02651892430276
0.0327734375,5.02651892430276
0.0328125,7.02651892430276
0.0328515625,7.02651892430276
0.032890625,7.02651892430276
0.0329296875,7.02651892430276
0.03296875,5.02651892430276
0.0330078125,5.02651892430276
0.033046875,5.02651892430276
0.0330859375,5.02651892430276
0.033125,7.02651892430276
0.0331640625,7.02651892430276
0.033203125,5.02651892430276
0.0332421875,4.02651892430276
0.03328125,2.02651892430276
0.0333203125,2.02651892430276
0.033359375,2.02651892430276
0.0333984375,2.02651892430276
0.0334375,1.02651892430276
0.0334765625,1.02651892430276
0.033515625,0.0265189243027635
0.0335546875,-1.97348107569724
0.03359375,-1.97348107569724
0.0336328125,-1.97348107569724
0.033671875,-1.97348107569724
0.0337109375,0.0265189243027635
0.03375,-0.973481075697237
0.0337890625,-0.973481075697237
0.033828125,-1.97348107569724
0.0338671875,-3.97348107569724
0.03390625,-6.97348107569724
0.0339453125,-8.97348107569724
0.033984375,-10.9734810756972
0.0340234375,-10.9734810756972
0.0340625,-8.97348107569724
0.0341015625,-7.97348107569724
0.034140625,-8.97348107569724
0.0341796875,-6.97348107569724
0.03421875,-7.97348107569724
0.0342578125,-7.97348107569724
0.034296875,-5.97348107569724
0.0343359375,-2.97348107569724
0.034375,-0.973481075697237
0.0344140625,1.02651892430276
0.034453125,3.02651892430276
0.0344921875,1.02651892430276
0.03453125,0.0265189243027635
0.0345703125,-0.973481075697237
0.034609375,-2.97348107569724
0.0346484375,-2.97348107569724
0.0346875,-2.97348107569724
0.0347265625,-2.97348107569724
0.034765625,-3.97348107569724
0.0348046875,-4.97348107569724
0.03484375,-3.97348107569724
0.0348828125,-1.97348107569724
0.034921875,-0.973481075697237
0.0349609375,1.02651892430276
0.035,4.02651892430276
0.0350390625,6.02651892430276
0.035078125,7.02651892430276
0.0351171875,6.02651892430276
0.03515625,4.02651892430276
0.0351953125,1.02651892430276
0.035234375,0.0265189243027635
0.0352734375,-0.973481075697237
0.0353125,0.0265189243027635
0.0353515625,2.02651892430276
0.035390625,4.02651892430276
0.0354296875,5.02651892430276
0.03546875,6.02651892430276
0.0355078125,6.02651892430276
0.035546875,6.02651892430276
0.0355859375,5.02651892430276
0.035625,5.02651892430276
0.0356640625,5.02651892430276
0.035703125,6.02651892430276
0.0357421875,6.02651892430276
0.03578125,5.02651892430276
0.0358203125,3.02651892430276
0.035859375,3.02651892430276
0.0358984375,3.02651892430276
0.0359375,3.02651892430276
0.0359765625,3.02651892430276
0.036015625,5.02651892430276
0.0360546875,4.02651892430276
0.03609375,4.02651892430276
0.0361328125,1.02651892430276
0.036171875,-0.973481075697237
0.0362109375,-2.97348107569724
0.03625,-2.97348107569724
0.0362890625,-2.97348107569724
0.036328125,-1.97348107569724
0.0363671875,-1.97348107569724
0.03640625,-0.973481075697237
0.0364453125,-1.97348107569724
0.036484375,-3.97348107569724
0.0365234375,-4.97348107569724
0.0365625,-3.97348107569724
0.0366015625,-0.973481075697237
0.036640625,-0.973481075697237
0.0366796875,1.02651892430276
0.03671875,1.02651892430276
0.0367578125,1.02651892430276
0.036796875,0.0265189243027635
0.0368359375,-0.973481075697237
0.036875,-0.973481075697237
0.0369140625,-1.97348107569724
0.036953125,-1.97348107569724
0.0369921875,-0.973481075697237
0.03703125,-0.973481075697237
0.0370703125,-1.97348107569724
0.037109375,-3.97348107569724
0.0371484375,-5.97348107569724
0.0371875,-6.97348107569724
0.0372265625,-6.97348107569724
0.037265625,-7.97348107569724
0.0373046875,-5.97348107569724
0.03734375,-3.97348107569724
0.0373828125,-3.97348107569724
0.037421875,-3.97348107569724
0.0374609375,-2.97348107569724
0.0375,-1.97348107569724
0.0375390625,-0.973481075697237
0.037578125,-0.973481075697237
0.0376171875,-0.973481075697237
0.03765625,-0.973481075697237
0.0376953125,-0.973481075697237
0.037734375,-1.97348107569724
0.0377734375,-2.97348107569724
0.0378125,-1.97348107569724
0.0378515625,-1.97348107569724
0.037890625,1.02651892430276
0.0379296875,3.02651892430276
0.03796875,5.02651892430276
0.0380078125,6.02651892430276
0.038046875,7.02651892430276
0.0380859375,7.02651892430276
0.038125,5.02651892430276
0.0381640625,4.02651892430276
0.038203125,2.02651892430276
0.0382421875,2.02651892430276
0.03828125,2.02651892430276
0.0383203125,3.02651892430276
0.038359375,2.02651892430276
0.0383984375,2.02651892430276
0.0384375,0.0265189243027635
0.0384765625,-0.973481075697237
0.038515625,0.0265189243027635
0.0385546875,0.0265189243027635
0.03859375,2.02651892430276
0.0386328125,4.02651892430276
0.038671875,5.02651892430276
0.0387109375,5.02651892430276
0.03875,6.02651892430276
0.0387890625,6.02651892430276
0.038828125,7.02651892430276
0.0388671875,8.02651892430276
0.03890625,10.0265189243028
0.0389453125,10.0265189243028
0.038984375,10.0265189243028
0.0390234375,8.02651892430276
0.0390625,6.02651892430276
0.0391015625,3.02651892430276
0.039140625,-0.973481075697237
0.0391796875,-1.97348107569724
0.03921875,-2.97348107569724
0.0392578125,-1.97348107569724
0.039296875,-1.97348107569724
0.0393359375,-2.97348107569724
0.039375,-3.97348107569724
0.0394140625,-5.97348107569724
0.039453125,-7.97348107569724
0.0394921875,-7.97348107569724
0.03953125,-8.97348107569724
0.0395703125,-8.97348107569724
0.039609375,-8.97348107569724
0.0396484375,-8.97348107569724
0.0396875,-8.97348107569724
0.0397265625,-10.9734810756972
0.039765625,-12.9734810756972
0.0398046875,-14.9734810756972
0.03984375,-14.9734810756972
0.0398828125,-13.9734810756972
0.039921875,-11.9734810756972
0.0399609375,-7.97348107569724
0.04,-5.97348107569724
0.0400390625,-1.97348107569724
0.040078125,1.02651892430276
0.0401171875,3.02651892430276
0.04015625,7.02651892430276
0.0401953125,10.0265189243028
0.040234375,13.0265189243028
0.0402734375,14.0265189243028
0.0403125,14.0265189243028
0.0403515625,12.0265189243028
0.040390625,9.02651892430276
0.0404296875,7.02651892430276
0.04046875,5.02651892430276
0.0405078125,4.02651892430276
0.040546875,3.02651892430276
0.0405859375,2.02651892430276
0.040625,1.02651892430276
0.0406640625,-1.97348107569724
0.040703125,-3.97348107569724
0.0407421875,-4.97348107569724
0.04078125,-4.97348107569724
0.0408203125,-4.97348107569724
0.040859375,-1.97348107569724
0.0408984375,1.02651892430276
0.0409375,3.02651892430276
0.0409765625,3.02651892430276
0.041015625,3.02651892430276
0.0410546875,0.0265189243027635
0.04109375,-0.973481075697237
0.0411328125,-3.97348107569724
0.041171875,-5.97348107569724
0.0412109375,-5.97348107569724
0.04125,-4.97348107569724
0.0412890625,-3.97348107569724
0.041328125,-2.97348107569724
0.0413671875,-0.973481075697237
0.04140625,0.0265189243027635
0.0414453125,1.02651892430276
0.041484375,3.02651892430276
0.0415234375,5.02651892430276
0.0415625,8.02651892430276
0.0416015625,8.02651892430276
0.041640625,8.02651892430276
0.0416796875,9.02651892430276
0.04171875,7.02651892430276
0.0417578125,8.02651892430276
0.041796875,8.02651892430276
0.0418359375,9.02651892430276
0.041875,10.0265189243028
0.0419140625,10.0265189243028
0.041953125,9.02651892430276
0.0419921875,8.02651892430276
0.04203125,5.02651892430276
0.0420703125,2.02651892430276
0.042109375,-0.973481075697237
0.0421484375,-1.97348107569724
0.0421875,-3.97348107569724
0.0422265625,-4.97348107569724
0.042265625,-5.97348107569724
0.0423046875,-6.97348107569724
0.04234375,-6.97348107569724
0.0423828125,-5.97348107569724
0.042421875,-3.97348107569724
0.0424609375,-0.973481075697237
0.0425,1.02651892430276
0.0425390625,2.02651892430276
0.042578125,3.02651892430276
0.0426171875,3.02651892430276
0.04265625,-0.973481075697237
0.0426953125,-6.97348107569724
0.042734375,-10.9734810756972
0.0427734375,-13.9734810756972
0.0428125,-15.9734810756972
0.0428515625,-15.9734810756972
0.042890625,-13.9734810756972
0.0429296875,-13.9734810756972
0.04296875,-13.9734810756972
0.0430078125,-10.9734810756972
0.043046875,-8.97348107569724
0.0430859375,-5.97348107569724
0.043125,-2.97348107569724
0.0431640625,0.0265189243027635
0.043203125,2.02651892430276
0.0432421875,2.02651892430276
0.04328125,2.02651892430276
0.0433203125,1.02651892430276
0.043359375,1.02651892430276
0.0433984375,1.02651892430276
0.0434375,2.02651892430276
0.0434765625,2.02651892430276
0.043515625,1.02651892430276
0.0435546875,1.02651892430276
0.04359375,0.0265189243027635
0.0436328125,-1.97348107569724
0.043671875,-2.97348107569724
0.0437109375,-0.973481075697237
0.04375,1.02651892430276
0.0437890625,5.02651892430276
0.043828125,8.02651892430276
0.0438671875,10.0265189243028
0.04390625,9.02651892430276
0.0439453125,9.02651892430276
0.043984375,7.02651892430276
0.0440234375,6.02651892430276
0.0440625,6.02651892430276
0.0441015625,6.02651892430276
0.044140625,6.02651892430276
0.0441796875,6.02651892430276
0.04421875,4.02651892430276
0.0442578125,2.02651892430276
0.044296875,1.02651892430276
0.0443359375,1.02651892430276
0.044375,0.0265189243027635
0.0444140625,0.0265189243027635
0.044453125,1.02651892430276
0.0444921875,1.02651892430276
0.04453125,1.02651892430276
0.0445703125,0.0265189243027635
0.044609375,0.0265189243027635
0.0446484375,-0.973481075697237
0.0446875,-2.97348107569724
0.0447265625,-2.97348107569724
0.044765625,-1.97348107569724
0.0448046875,-2.97348107569724
0.04484375,-1.97348107569724
0.0448828125,-2.97348107569724
0.044921875,-3.97348107569724
0.0449609375,-3.97348107569724
0.045,-2.97348107569724
0.0450390625,-0.973481075697237
0.045078125,2.02651892430276
0.0451171875,6.02651892430276
0.04515625,8.02651892430276
0.0451953125,11.0265189243028
0.045234375,10.0265189243028
0.0452734375,7.02651892430276
0.0453125,5.02651892430276
0.0453515625,1.02651892430276
0.045390625,-1.97348107569724
0.0454296875,-2.97348107569724
0.04546875,-2.97348107569724
0.0455078125,-1.97348107569724
0.045546875,0.0265189243027635
0.0455859375,1.02651892430276
0.045625,1.02651892430276
0.0456640625,3.02651892430276
0.045703125,3.02651892430276
0.0457421875,3.02651892430276
0.04578125,4.02651892430276
0.0458203125,2.02651892430276
0.045859375,0.0265189243027635
0.0458984375,-4.97348107569724
0.0459375,-9.97348107569724
0.0459765625,-12.9734810756972
0.046015625,-13.9734810756972
0.0460546875,-11.9734810756972
0.04609375,-12.9734810756972
0.0461328125,-11.9734810756972
0.046171875,-13.9734810756972
0.0462109375,-14.9734810756972
0.04625,-14.9734810756972
0.0462890625,-14.9734810756972
0.046328125,-12.9734810756972
0.0463671875,-7.97348107569724
0.04640625,-4.97348107569724
0.0464453125,-0.973481075697237
0.046484375,4.02651892430276
0.0465234375,7.02651892430276
0.0465625,9.02651892430276
0.0466015625,11.0265189243028
0.046640625,11.0265189243028
0.0466796875,12.0265189243028
0.04671875,13.0265189243028
0.0467578125,13.0265189243028
0.046796875,14.0265189243028
0.0468359375,13.0265189243028
0.046875,13.0265189243028
0.0469140625,12.0265189243028
0.046953125,10.0265189243028
0.0469921875,10.0265189243028
0.04703125,8.02651892430276
0.0470703125,8.02651892430276
0.047109375,5.02651892430276
0.0471484375,1.02651892430276
0.0471875,-3.97348107569724
0.0472265625,-7.97348107569724
0.047265625,-11.9734810756972
0.0473046875,-13.9734810756972
0.04734375,-14.9734810756972
0.0473828125,-12.9734810756972
0.047421875,-11.9734810756972
0.0474609375,-10.9734810756972
0.0475,-9.97348107569724
0.0475390625,-9.97348107569724
0.047578125,-9.97348107569724
0.0476171875,-8.97348107569724
0.04765625,-6.97348107569724
0.0476953125,-3.97348107569724
0.047734375,-1.97348107569724
0.0477734375,1.02651892430276
0.0478125,2.02651892430276
0.0478515625,4.02651892430276
0.047890625,7.02651892430276
0.0479296875,10.0265189243028
0.04796875,11.0265189243028
0.0480078125,14.0265189243028
0.048046875,17.0265189243028
0.0480859375,17.0265189243028
0.048125,18.0265189243028
0.0481640625,16.0265189243028
0.048203125,15.0265189243028
0.0482421875,13.0265189243028
0.04828125,10.0265189243028
0.0483203125,8.02651892430276
0.048359375,7.02651892430276
0.0483984375,6.02651892430276
0.0484375,5.02651892430276
0.0484765625,4.02651892430276
0.048515625,2.02651892430276
0.0485546875,-0.973481075697237
0.04859375,-4.97348107569724
0.0486328125,-6.97348107569724
0.048671875,-7.97348107569724
0.0487109375,-7.97348107569724
0.04875,-8.97348107569724
0.0487890625,-10.9734810756972
0.048828125,-12.9734810756972
0.0488671875,-13.9734810756972
0.04890625,-15.9734810756972
0.0489453125,-16.9734810756972
0.048984375,-15.9734810756972
0.0490234375,-13.9734810756972
0.0490625,-11.9734810756972
0.0491015625,-9.97348107569724
0.049140625,-8.97348107569724
0.0491796875,-7.97348107569724
0.04921875,-7.97348107569724
0.0492578125,-5.97348107569724
0.049296875,-2.97348107569724
0.0493359375,-0.973481075697237
0.049375,1.02651892430276
0.0494140625,3.02651892430276
0.049453125,3.02651892430276
0.0494921875,2.02651892430276
0.04953125,4.02651892430276
0.0495703125,4.02651892430276
0.049609375,6.02651892430276
0.0496484375,8.02651892430276
0.0496875,10.0265189243028
0.0497265625,10.0265189243028
0.049765625,10.0265189243028
0.0498046875,10.0265189243028
0.04984375,8.02651892430276
0.0498828125,7.02651892430276
0.049921875,6.02651892430276
0.0499609375,7.02651892430276
0.05,8.02651892430276
0.0500390625,8.02651892430276
0.050078125,6.02651892430276
0.0501171875,4.02651892430276
0.05015625,2.02651892430276
0.0501953125,-0.973481075697237
0.050234375,-3.97348107569724
0.0502734375,-7.97348107569724
0.0503125,-10.9734810756972
0.0503515625,-13.9734810756972
0.050390625,-16.9734810756972
0.0504296875,-17.9734810756972
0.05046875,-16.9734810756972
0.0505078125,-15.9734810756972
0.050546875,-12.9734810756972
0.0505859375,-7.97348107569724
0.050625,-1.97348107569724
0.0506640625,3.02651892430276
0.050703125,7.02651892430276
0.0507421875,9.02651892430276
0.05078125,9.02651892430276
0.0508203125,8.02651892430276
0.050859375,7.02651892430276
0.0508984375,7.02651892430276
0.0509375,7.02651892430276
0.0509765625,9.02651892430276
0.051015625,13.0265189243028
0.0510546875,16.0265189243028
0.05109375,17.0265189243028
0.0511328125,18.0265189243028
0.051171875,17.0265189243028
0.0512109375,15.0265189243028
0.05125,11.0265189243028
0.0512890625,7.02651892430276
0.051328125,3.02651892430276
0.0513671875,-2.97348107569724
0.05140625,-6.97348107569724
0.0514453125,-8.97348107569724
0.051484375,-11.9734810756972
0.0515234375,-10.9734810756972
0.0515625,-8.97348107569724
0.0516015625,-7.97348107569724
0.051640625,-4.97348107569724
0.0516796875,-3.97348107569724
0.05171875,-5.97348107569724
0.0517578125,-8.97348107569724
0.051796875,-10.9734810756972
0.0518359375,-12.9734810756972
0.051875,-15.9734810756972
0.0519140625,-15.9734810756972
0.051953125,-15.9734810756972
0.0519921875,-13.9734810756972
0.05203125,-9.97348107569724
0.0520703125,-6.97348107569724
0.052109375,-2.97348107569724
0.0521484375,-0.973481075697237
0.0521875,2.02651892430276
0.0522265625,6.02651892430276
0.052265625,10.0265189243028
0.0523046875,13.0265189243028
0.05234375,14.0265189243028
0.0523828125,14.0265189243028
0.052421875,13.0265189243028
0.0524609375,10.0265189243028
0.0525,8.02651892430276
0.0525390625,7.02651892430276
0.052578125,6.02651892430276
0.0526171875,7.02651892430276
0.05265625,6.02651892430276
0.0526953125,5.02651892430276
0.052734375,4.02651892430276
0.0527734375,1.02651892430276
0.0528125,1.02651892430276
0.0528515625,0.0265189243027635
0.052890625,1.02651892430276
0.0529296875,3.02651892430276
0.05296875,3.02651892430276
0.0530078125,3.02651892430276
0.053046875,3.02651892430276
0.0530859375,0.0265189243027635
0.053125,-3.97348107569724
0.0531640625,-4.97348107569724
0.053203125,-6.97348107569724
0.0532421875,-7.97348107569724
0.05328125,-7.97348107569724
0.0533203125,-7.97348107569724
0.053359375,-9.97348107569724
0.0533984375,-10.9734810756972
0.0534375,-10.9734810756972
0.0534765625,-9.97348107569724
0.053515625,-6.97348107569724
0.0535546875,-3.97348107569724
0.05359375,0.0265189243027635
0.0536328125,3.02651892430276
0.053671875,3.02651892430276
0.0537109375,2.02651892430276
0.05375,0.0265189243027635
0.0537890625,-1.97348107569724
0.053828125,-2.97348107569724
0.0538671875,-1.97348107569724
0.05390625,-1.97348107569724
0.0539453125,-0.973481075697237
0.053984375,-0.973481075697237
0.0540234375,-0.973481075697237
0.0540625,-1.97348107569724
0.0541015625,0.0265189243027635
0.054140625,2.02651892430276
0.0541796875,5.02651892430276
0.05421875,9.02651892430276
0.0542578125,11.0265189243028
0.054296875,12.0265189243028
0.0543359375,13.0265189243028
0.054375,13.0265189243028
0.0544140625,12.0265189243028
0.054453125,12.0265189243028
0.0544921875,9.02651892430276
0.05453125,6.02651892430276
0.0545703125,6.02651892430276
0.054609375,4.02651892430276
0.0546484375,3.02651892430276
0.0546875,0.0265189243027635
0.0547265625,-1.97348107569724
0.054765625,-2.97348107569724
0.0548046875,-2.97348107569724
0.05484375,-0.973481075697237
0.0548828125,0.0265189243027635
0.054921875,1.02651892430276
0.0549609375,0.0265189243027635
0.055,-0.973481075697237
0.0550390625,-4.97348107569724
0.055078125,-6.97348107569724
0.0551171875,-7.97348107569724
0.05515625,-9.97348107569724
0.0551953125,-8.97348107569724
0.055234375,-9.97348107569724
0.0552734375,-9.97348107569724
0.0553125,-10.9734810756972
0.0553515625,-9.97348107569724
0.055390625,-11.9734810756972
0.0554296875,-11.9734810756972
0.05546875,-10.9734810756972
0.0555078125,-8.97348107569724
0.055546875,-7.97348107569724
0.0555859375,-6.97348107569724
0.055625,-4.97348107569724
0.0556640625,-1.97348107569724
0.055703125,-0.973481075697237
0.0557421875,2.02651892430276
0.05578125,5.02651892430276
0.0558203125,7.02651892430276
0.055859375,11.0265189243028
0.0558984375,14.0265189243028
0.0559375,16.0265189243028
0.0559765625,17.0265189243028
0.056015625,17.0265189243028
0.0560546875,14.0265189243028
0.05609375,13.0265189243028
0.0561328125,12.0265189243028
0.056171875,10.0265189243028
0.0562109375,9.02651892430276
0.05625,6.02651892430276
0.0562890625,3.02651892430276
0.056328125,-0.973481075697237
0.0563671875,-4.97348107569724
0.05640625,-6.97348107569724
0.0564453125,-4.97348107569724
0.056484375,-1.97348107569724
0.0565234375,-0.973481075697237
0.0565625,1.02651892430276
0.0566015625,2.02651892430276
0.056640625,1.02651892430276
0.0566796875,-1.97348107569724
0.05671875,-4.97348107569724
0.0567578125,-7.97348107569724
0.056796875,-9.97348107569724
0.0568359375,-10.9734810756972
0.056875,-12.9734810756972
0.0569140625,-13.9734810756972
0.056953125,-13.9734810756972
0.0569921875,-15.9734810756972
0.05703125,-13.9734810756972
0.0570703125,-9.97348107569724
0.057109375,-5.97348107569724
0.0571484375,-1.97348107569724
0.0571875,1.02651892430276
0.0572265625,5.02651892430276
0.057265625,9.02651892430276
0.0573046875,12.0265189243028
0.05734375,15.0265189243028
0.0573828125,16.0265189243028
0.057421875,17.0265189243028
0.0574609375,17.0265189243028
0.0575,19.0265189243028
0.0575390625,18.0265189243028
0.057578125,16.0265189243028
0.0576171875,12.0265189243028
0.05765625,8.02651892430276
0.0576953125,4.02651892430276
0.057734375,0.0265189243027635
0.0577734375,-0.973481075697237
0.0578125,0.0265189243027635
0.0578515625,-0.973481075697237
0.057890625,-1.97348107569724
0.0579296875,-3.97348107569724
0.05796875,-4.97348107569724
0.0580078125,-6.97348107569724
0.058046875,-6.97348107569724
0.0580859375,-8.97348107569724
0.058125,-9.97348107569724
0.0581640625,-13.9734810756972
0.058203125,-16.9734810756972
0.0582421875,-21.9734810756972
0.05828125,-25.9734810756972
0.0583203125,-26.9734810756972
0.058359375,-24.9734810756972
0.0583984375,-21.9734810756972
0.0584375,-15.9734810756972
0.0584765625,-10.9734810756972
0.058515625,-4.97348107569724
0.0585546875,1.02651892430276
0.05859375,5.02651892430276
0.0586328125,8.02651892430276
0.058671875,9.02651892430276
0.0587109375,11.0265189243028
0.05875,12.0265189243028
0.0587890625,13.0265189243028
0.058828125,13.0265189243028
0.0588671875,13.0265189243028
0.05890625,13.0265189243028
0.0589453125,12.0265189243028
0.058984375,11.0265189243028
0.0590234375,11.0265189243028
0.0590625,12.0265189243028
0.0591015625,13.0265189243028
0.059140625,13.0265189243028
0.0591796875,12.0265189243028
0.05921875,10.0265189243028
0.0592578125,6.02651892430276
0.059296875,3.02651892430276
0.0593359375,-0.973481075697237
0.059375,-3.97348107569724
0.0594140625,-4.97348107569724
0.059453125,-4.97348107569724
0.0594921875,-4.97348107569724
0.05953125,-4.97348107569724
0.0595703125,-4.97348107569724
0.059609375,-5.97348107569724
0.0596484375,-5.97348107569724
0.0596875,-5.97348107569724
0.0597265625,-4.97348107569724
0.059765625,-5.97348107569724
0.0598046875,-6.97348107569724
0.05984375,-7.97348107569724
0.0598828125,-8.97348107569724
0.059921875,-9.97348107569724
0.0599609375,-8.97348107569724
0.06,-7.97348107569724
0.0600390625,-4.97348107569724
0.060078125,-1.97348107569724
0.0601171875,3.02651892430276
0.06015625,7.02651892430276
0.0601953125,11.0265189243028
0.060234375,14.0265189243028
0.0602734375,15.0265189243028
0.0603125,15.0265189243028
0.0603515625,15.0265189243028
0.060390625,15.0265189243028
0.0604296875,16.0265189243028
0.06046875,16.0265189243028
0.0605078125,14.0265189243028
0.060546875,10.0265189243028
0.0605859375,6.02651892430276
0.060625,2.02651892430276
0.0606640625,-1.97348107569724
0.060703125,-4.97348107569724
0.0607421875,-4.97348107569724
0.06078125,-5.97348107569724
0.0608203125,-5.97348107569724
0.060859375,-7.97348107569724
0.0608984375,-8.97348107569724
0.0609375,-10.9734810756972
0.0609765625,-12.9734810756972
0.061015625,-12.9734810756972
0.0610546875,-13.9734810756972
0.06109375,-14.9734810756972
0.0611328125,-14.9734810756972
0.061171875,-14.9734810756972
0.0612109375,-15.9734810756972
0.06125,-13.9734810756972
0.0612890625,-11.9734810756972
0.061328125,-7.97348107569724
0.0613671875,-4.97348107569724
0.06140625,-0.973481075697237
0.0614453125,4.02651892430276
0.061484375,6.02651892430276
0.0615234375,7.02651892430276
0.0615625,9.02651892430276
0.0616015625,11.0265189243028
0.061640625,12.0265189243028
0.0616796875,15.0265189243028
0.06171875,17.0265189243028
0.0617578125,18.0265189243028
0.061796875,17.0265189243028
0.0618359375,14.0265189243028
0.061875,10.0265189243028
0.0619140625,5.02651892430276
0.061953125,0.0265189243027635
0.0619921875,-2.97348107569724
0.06203125,-4.97348107569724
0.0620703125,-5.97348107569724
0.062109375,-7.97348107569724
0.0621484375,-8.97348107569724
0.0621875,-10.9734810756972
0.0622265625,-11.9734810756972
0.062265625,-12.9734810756972
0.0623046875,-10.9734810756972
0.06234375,-9.97348107569724
0.0623828125,-8.97348107569724
0.062421875,-8.97348107569724
0.0624609375,-7.97348107569724
0.0625,-7.97348107569724
0.0625390625,-7.97348107569724
0.062578125,-7.97348107569724
0.0626171875,-4.97348107569724
0.06265625,-2.97348107569724
0.0626953125,1.02651892430276
0.062734375,4.02651892430276
0.0627734375,8.02651892430276
0.0628125,10.0265189243028
0.0628515625,12.0265189243028
0.062890625,14.0265189243028
0.0629296875,16.0265189243028
0.06296875,18.0265189243028
0.0630078125,18.0265189243028
0.063046875,17.0265189243028
0.0630859375,16.0265189243028
0.063125,14.0265189243028
0.0631640625,11.0265189243028
0.063203125,6.02651892430276
0.0632421875,3.02651892430276
0.06328125,1.02651892430276
0.0633203125,1.02651892430276
0.063359375,0.0265189243027635
0.0633984375,0.0265189243027635
0.0634375,-0.973481075697237
0.0634765625,-1.97348107569724
0.063515625,-4.97348107569724
0.0635546875,-7.97348107569724
0.06359375,-9.97348107569724
0.0636328125,-8.97348107569724
0.063671875,-8.97348107569724
0.0637109375,-6.97348107569724
0.06375,-5.97348107569724
0.0637890625,-4.97348107569724
0.063828125,-4.97348107569724
0.0638671875,-5.97348107569724
0.06390625,-6.97348107569724
0.0639453125,-5.97348107569724
0.063984375,-5.97348107569724
0.0640234375,-4.97348107569724
0.0640625,-4.97348107569724
0.0641015625,-4.97348107569724
0.064140625,-4.97348107569724
0.0641796875,-3.97348107569724
0.06421875,-2.97348107569724
0.0642578125,-2.97348107569724
0.064296875,-0.973481075697237
0.0643359375,3.02651892430276
0.064375,7.02651892430276
0.0644140625,9.02651892430276
0.064453125,9.02651892430276
0.0644921875,8.02651892430276
0.06453125,5.02651892430276
0.0645703125,3.02651892430276
0.064609375,1.02651892430276
0.0646484375,0.0265189243027635
0.0646875,-1.97348107569724
0.0647265625,-4.97348107569724
0.064765625,-5.97348107569724
0.0648046875,-6.97348107569724
0.06484375,-8.97348107569724
0.0648828125,-7.97348107569724
0.064921875,-5.97348107569724
0.0649609375,-2.97348107569724
0.065,0.0265189243027635
0.0650390625,3.02651892430276
0.065078125,4.02651892430276
0.0651171875,6.02651892430276
0.06515625,6.02651892430276
0.0651953125,4.02651892430276
0.065234375,4.02651892430276
0.0652734375,4.02651892430276
0.0653125,4.02651892430276
0.0653515625,3.02651892430276
0.065390625,2.02651892430276
0.0654296875,0.0265189243027635
0.06546875,-0.973481075697237
0.0655078125,-0.973481075697237
0.065546875,-1.97348107569724
0.0655859375,-0.973481075697237
0.065625,2.02651892430276
0.0656640625,5.02651892430276
0.065703125,7.02651892430276
0.0657421875,9.02651892430276
0.06578125,9.02651892430276
0.0658203125,9.02651892430276
0.065859375,8.02651892430276
0.0658984375,7.02651892430276
0.0659375,6.02651892430276
0.0659765625,3.02651892430276
0.066015625,1.02651892430276
0.0660546875,-1.97348107569724
0.06609375,-4.97348107569724
0.0661328125,-9.97348107569724
0.066171875,-13.9734810756972
0.0662109375,-13.9734810756972
0.06625,-12.9734810756972
0.0662890625,-9.97348107569724
0.066328125,-6.97348107569724
0.0663671875,-5.97348107569724
0.06640625,-5.97348107569724
0.0664453125,-6.97348107569724
0.066484375,-7.97348107569724
0.0665234375,-5.97348107569724
0.0665625,-4.97348107569724
0.0666015625,-1.97348107569724
0.066640625,1.02651892430276
0.0666796875,5.02651892430276
0.06671875,7.02651892430276
0.0667578125,10.0265189243028
0.066796875,12.0265189243028
0.0668359375,13.0265189243028
0.066875,14.0265189243028
0.0669140625,14.0265189243028
0.066953125,12.0265189243028
0.0669921875,12.0265189243028
0.06703125,8.02651892430276
0.0670703125,4.02651892430276
0.067109375,0.0265189243027635
0.0671484375,-3.97348107569724
0.0671875,-5.97348107569724
0.0672265625,-5.97348107569724
0.067265625,-4.97348107569724
0.0673046875,-3.97348107569724
0.06734375,-2.97348107569724
0.0673828125,-5.97348107569724
0.067421875,-7.97348107569724
0.0674609375,-10.9734810756972
0.0675,-11.9734810756972
0.0675390625,-11.9734810756972
0.067578125,-9.97348107569724
0.0676171875,-10.9734810756972
0.06765625,-8.97348107569724
0.0676953125,-7.97348107569724
0.067734375,-7.97348107569724
0.0677734375,-7.97348107569724
0.0678125,-4.97348107569724
0.0678515625,-2.97348107569724
0.067890625,-0.973481075697237
0.0679296875,2.02651892430276
0.06796875,4.02651892430276
0.0680078125,6.02651892430276
0.068046875,8.02651892430276
0.0680859375,10.0265189243028
0.068125,12.0265189243028
0.0681640625,15.0265189243028
0.068203125,16.0265189243028
0.0682421875,18.0265189243028
0.06828125,19.0265189243028
0.0683203125,19.0265189243028
0.068359375,16.0265189243028
0.0683984375,13.0265189243028
0.0684375,9.02651892430276
0.0684765625,6.02651892430276
0.068515625,4.02651892430276
0.0685546875,2.02651892430276
0.06859375,0.0265189243027635
0.0686328125,-1.97348107569724
0.068671875,-5.97348107569724
0.0687109375,-7.97348107569724
0.06875,-9.97348107569724
0.0687890625,-9.97348107569724
0.068828125,-8.97348107569724
0.0688671875,-6.97348107569724
0.06890625,-4.97348107569724
0.0689453125,-3.97348107569724
0.068984375,-5.97348107569724
0.0690234375,-8.97348107569724
0.0690625,-10.9734810756972
0.0691015625,-11.9734810756972
0.069140625,-12.9734810756972
0.0691796875,-11.9734810756972
0.06921875,-9.97348107569724
0.0692578125,-7.97348107569724
0.069296875,-6.97348107569724
0.0693359375,-2.97348107569724
0.069375,-0.973481075697237
0.0694140625,3.02651892430276
0.069453125,4.02651892430276
0.0694921875,8.02651892430276
0.06953125,9.02651892430276
0.0695703125,10.0265189243028
0.069609375,9.02651892430276
0.0696484375,8.02651892430276
0.0696875,5.02651892430276
0.0697265625,4.02651892430276
0.069765625,2.02651892430276
0.0698046875,1.02651892430276
0.06984375,2.02651892430276
0.0698828125,2.02651892430276
0.069921875,1.02651892430276
0.0699609375,1.02651892430276
0.07,0.0265189243027635
0.0700390625,-0.973481075697237
0.070078125,-1.97348107569724
0.0701171875,-2.97348107569724
0.07015625,-0.973481075697237
0.0701953125,-0.973481075697237
0.070234375,0.0265189243027635
0.0702734375,-0.973481075697237
0.0703125,-1.97348107569724
0.0703515625,-2.97348107569724
0.070390625,-1.97348107569724
0.0704296875,-1.97348107569724
0.07046875,-2.97348107569724
0.0705078125,-1.97348107569724
0.070546875,-2.97348107569724
0.0705859375,-3.97348107569724
0.070625,-5.97348107569724
0.0706640625,-6.97348107569724
0.070703125,-6.97348107569724
0.0707421875,-5.97348107569724
0.07078125,-4.97348107569724
0.0708203125,-0.973481075697237
0.070859375,3.02651892430276
0.0708984375,8.02651892430276
0.0709375,10.0265189243028
0.0709765625,10.0265189243028
0.071015625,9.02651892430276
0.0710546875,7.02651892430276
0.07109375,5.02651892430276
0.0711328125,3.02651892430276
0.071171875,1.02651892430276
0.0712109375,-0.973481075697237
0.07125,-1.97348107569724
0.0712890625,-3.97348107569724
0.071328125,-3.97348107569724
0.0713671875,-3.97348107569724
0.07140625,-3.97348107569724
0.0714453125,-2.97348107569724
0.071484375,-1.97348107569724
0.0715234375,-0.973481075697237
0.0715625,-0.973481075697237
0.0716015625,0.0265189243027635
0.071640625,-0.973481075697237
0.0716796875,0.0265189243027635
0.07171875,1.02651892430276
0.0717578125,2.02651892430276
0.071796875,3.02651892430276
0.0718359375,6.02651892430276
0.071875,5.02651892430276
0.0719140625,5.02651892430276
0.071953125,5.02651892430276
0.0719921875,4.02651892430276
0.07203125,4.02651892430276
0.0720703125,6.02651892430276
0.072109375,6.02651892430276
0.0721484375,6.02651892430276
0.0721875,5.02651892430276
0.0722265625,3.02651892430276
0.072265625,3.02651892430276
0.0723046875,2.02651892430276
0.07234375,0.0265189243027635
0.0723828125,1.02651892430276
0.072421875,0.0265189243027635
0.0724609375,1.02651892430276
0.0725,1.02651892430276
0.0725390625,0.0265189243027635
0.072578125,-0.973481075697237
0.0726171875,-2.97348107569724
0.07265625,-4.97348107569724
0.0726953125,-6.97348107569724
0.072734375,-8.97348107569724
0.0727734375,-8.97348107569724
0.0728125,-10.9734810756972
0.0728515625,-11.9734810756972
0.072890625,-14.9734810756972
0.0729296875,-17.9734810756972
0.07296875,-18.9734810756972
0.0730078125,-17.9734810756972
0.073046875,-14.9734810756972
0.0730859375,-11.9734810756972
0.073125,-6.97348107569724
0.0731640625,-2.97348107569724
0.073203125,2.02651892430276
0.0732421875,5.02651892430276
0.07328125,7.02651892430276
0.0733203125,9.02651892430276
0.073359375,11.0265189243028
0.0733984375,12.0265189243028
0.0734375,13.0265189243028
0.0734765625,14.0265189243028
0.073515625,12.0265189243028
0.0735546875,12.0265189243028
0.07359375,11.0265189243028
0.0736328125,10.0265189243028
0.073671875,10.0265189243028
0.0737109375,11.0265189243028
0.07375,12.0265189243028
0.0737890625,13.0265189243028
0.073828125,13.0265189243028
0.0738671875,11.0265189243028
0.07390625,7.02651892430276
0.0739453125,4.02651892430276
0.073984375,-0.973481075697237
0.0740234375,-1.97348107569724
0.0740625,-3.97348107569724
0.0741015625,-5.97348107569724
0.074140625,-6.97348107569724
0.0741796875,-8.97348107569724
0.07421875,-9.97348107569724
0.0742578125,-11.9734810756972
0.074296875,-12.9734810756972
0.0743359375,-14.9734810756972
0.074375,-14.9734810756972
0.0744140625,-13.9734810756972
0.074453125,-12.9734810756972
0.0744921875,-10.9734810756972
0.07453125,-7.97348107569724
0.0745703125,-5.97348107569724
0.074609375,-4.97348107569724
0.0746484375,-2.97348107569724
0.0746875,-1.97348107569724
0.0747265625,1.02651892430276
0.074765625,3.02651892430276
0.0748046875,5.02651892430276
0.07484375,7.02651892430276
0.0748828125,6.02651892430276
0.074921875,6.02651892430276
0.0749609375,6.02651892430276
0.075,9.02651892430276
0.0750390625,10.0265189243028
0.075078125,12.0265189243028
0.0751171875,13.0265189243028
0.07515625,12.0265189243028
0.0751953125,12.0265189243028
0.075234375,9.02651892430276
0.0752734375,7.02651892430276
0.0753125,5.02651892430276
0.0753515625,5.02651892430276
0.075390625,4.02651892430276
0.0754296875,3.02651892430276
0.07546875,1.02651892430276
0.0755078125,-1.97348107569724
0.075546875,-4.97348107569724
0.0755859375,-8.97348107569724
0.075625,-10.9734810756972
0.0756640625,-11.9734810756972
0.075703125,-12.9734810756972
0.0757421875,-12.9734810756972
0.07578125,-11.9734810756972
0.0758203125,-9.97348107569724
0.075859375,-8.97348107569724
0.0758984375,-8.97348107569724
0.0759375,-7.97348107569724
0.0759765625,-6.97348107569724
0.076015625,-3.97348107569724
0.0760546875,-1.97348107569724
0.07609375,0.0265189243027635
0.0761328125,2.02651892430276
0.076171875,2.02651892430276
0.0762109375,2.02651892430276
0.07625,2.02651892430276
0.0762890625,1.02651892430276
0.076328125,2.02651892430276
0.0763671875,5.02651892430276
0.07640625,7.02651892430276
0.0764453125,9.02651892430276
0.076484375,9.02651892430276
0.0765234375,9.02651892430276
0.0765625,8.02651892430276
0.0766015625,8.02651892430276
0.076640625,7.02651892430276
0.0766796875,5.02651892430276
0.07671875,4.02651892430276
0.0767578125,4.02651892430276
0.076796875,4.02651892430276
0.0768359375,2.02651892430276
0.076875,1.02651892430276
0.0769140625,-0.973481075697237
0.076953125,-0.973481075697237
0.0769921875,-2.97348107569724
0.07703125,-3.97348107569724
0.0770703125,-4.97348107569724
0.077109375,-5.97348107569724
0.0771484375,-8.97348107569724
0.0771875,-10.9734810756972
0.0772265625,-11.9734810756972
0.077265625,-12.9734810756972
0.0773046875,-10.9734810756972
0.07734375,-6.97348107569724
0.0773828125,-2.97348107569724
0.077421875,2.02651892430276
0.0774609375,5.02651892430276
0.0775,6.02651892430276
0.0775390625,5.02651892430276
0.077578125,5.02651892430276
0.0776171875,5.02651892430276
0.07765625,6.02651892430276
0.0776953125,6.02651892430276
0.077734375,7.02651892430276
0.0777734375,6.02651892430276
0.0778125,3.02651892430276
0.0778515625,2.02651892430276
0.077890625,1.02651892430276
0.0779296875,1.02651892430276
0.07796875,2.02651892430276
0.0780078125,4.02651892430276
0.078046875,4.02651892430276
0.0780859375,1.02651892430276
0.078125,1.02651892430276
0.0781640625,0.0265189243027635
0.078203125,-1.97348107569724
0.0782421875,-2.97348107569724
0.07828125,-1.97348107569724
0.0783203125,-1.97348107569724
0.078359375,-1.97348107569724
0.0783984375,-0.973481075697237
0.0784375,-2.97348107569724
0.0784765625,-2.97348107569724
0.078515625,-3.97348107569724
0.0785546875,-2.97348107569724
0.07859375,-3.97348107569724
0.0786328125,-2.97348107569724
0.078671875,-1.97348107569724
0.0787109375,-0.973481075697237
0.07875,-1.97348107569724
0.0787890625,-2.97348107569724
0.078828125,-3.97348107569724
0.0788671875,-4.97348107569724
0.07890625,-4.97348107569724
0.0789453125,-3.97348107569724
0.078984375,-0.973481075697237
0.0790234375,3.02651892430276
0.0790625,5.02651892430276
0.0791015625,6.02651892430276
0.079140625,7.02651892430276
0.0791796875,7.02651892430276
0.07921875,6.02651892430276
0.0792578125,6.02651892430276
0.079296875,6.02651892430276
0.0793359375,4.02651892430276
0.079375,4.02651892430276
0.0794140625,2.02651892430276
0.079453125,2.02651892430276
0.0794921875,2.02651892430276
0.07953125,2.02651892430276
0.0795703125,3.02651892430276
0.079609375,5.02651892430276
0.0796484375,6.02651892430276
0.0796875,6.02651892430276
0.0797265625,4.02651892430276
0.079765625,2.02651892430276
0.0798046875,-0.973481075697237
0.07984375,-4.97348107569724
0.0798828125,-6.97348107569724
0.079921875,-8.97348107569724
0.0799609375,-10.9734810756972
0.08,-10.9734810756972
0.0800390625,-9.97348107569724
0.080078125,-8.97348107569724
0.0801171875,-6.97348107569724
0.08015625,-4.97348107569724
0.0801953125,-1.97348107569724
0.080234375,0.0265189243027635
0.0802734375,4.02651892430276
0.0803125,6.02651892430276
0.0803515625,7.02651892430276
0.080390625,5.02651892430276
0.0804296875,3.02651892430276
0.08046875,-0.973481075697237
0.0805078125,-2.97348107569724
0.080546875,-3.97348107569724
0.0805859375,-4.97348107569724
0.080625,-4.97348107569724
0.0806640625,-4.97348107569724
0.080703125,-4.97348107569724
0.0807421875,-4.97348107569724
0.08078125,-2.97348107569724
0.0808203125,-1.97348107569724
0.080859375,0.0265189243027635
0.0808984375,1.02651892430276
0.0809375,4.02651892430276
0.0809765625,5.02651892430276
0.081015625,5.02651892430276
0.0810546875,5.02651892430276
0.08109375,5.02651892430276
0.0811328125,4.02651892430276
0.081171875,3.02651892430276
0.0812109375,4.02651892430276
0.08125,3.02651892430276
0.0812890625,4.02651892430276
0.081328125,4.02651892430276
0.0813671875,2.02651892430276
0.08140625,0.0265189243027635
0.0814453125,-0.973481075697237
0.081484375,-1.97348107569724
0.0815234375,-1.97348107569724
0.0815625,-2.97348107569724
0.0816015625,-1.97348107569724
0.081640625,-0.973481075697237
0.0816796875,0.0265189243027635
0.08171875,0.0265189243027635
0.0817578125,-0.973481075697237
0.081796875,-0.973481075697237
0.0818359375,-1.97348107569724
0.081875,-0.973481075697237
0.0819140625,0.0265189243027635
0.081953125,0.0265189243027635
0.0819921875,0.0265189243027635
0.08203125,-0.973481075697237
0.0820703125,-1.97348107569724
0.082109375,-3.97348107569724
0.0821484375,-4.97348107569724
0.0821875,-4.97348107569724
0.0822265625,-3.97348107569724
0.082265625,-1.97348107569724
0.0823046875,-1.97348107569724
0.08234375,0.0265189243027635
0.0823828125,0.0265189243027635
0.082421875,1.02651892430276
0.0824609375,3.02651892430276
0.0825,5.02651892430276
0.0825390625,6.02651892430276
0.082578125,7.02651892430276
0.0826171875,6.02651892430276
0.08265625,5.02651892430276
0.0826953125,4.02651892430276
0.082734375,3.02651892430276
0.0827734375,1.02651892430276
0.0828125,1.02651892430276
0.0828515625,0.0265189243027635
0.082890625,1.02651892430276
0.0829296875,3.02651892430276
0.08296875,3.02651892430276
0.0830078125,2.02651892430276
0.083046875,0.0265189243027635
0.0830859375,-1.97348107569724
0.083125,-1.97348107569724
0.0831640625,-2.97348107569724
0.083203125,-0.973481075697237
0.0832421875,0.0265189243027635
0.08328125,1.02651892430276
0.0833203125,1.02651892430276
0.083359375,0.0265189243027635
0.0833984375,-1.97348107569724
0.0834375,-3.97348107569724
0.0834765625,-5.97348107569724
0.083515625,-5.97348107569724
0.0835546875,-6.97348107569724
0.08359375,-8.97348107569724
0.0836328125,-9.97348107569724
0.083671875,-10.9734810756972
0.0837109375,-11.9734810756972
0.08375,-10.9734810756972
0.0837890625,-8.97348107569724
0.083828125,-6.97348107569724
0.0838671875,-2.97348107569724
0.08390625,-0.973481075697237
0.0839453125,0.0265189243027635
0.083984375,1.02651892430276
0.0840234375,1.02651892430276
0.0840625,1.02651892430276
0.0841015625,1.02651892430276
0.084140625,2.02651892430276
0.0841796875,4.02651892430276
0.08421875,7.02651892430276
0.0842578125,8.02651892430276
0.084296875,8.02651892430276
0.0843359375,9.02651892430276
0.084375,10.0265189243028
0.0844140625,11.0265189243028
0.084453125,14.0265189243028
0.0844921875,16.0265189243028
0.08453125,17.0265189243028
0.0845703125,18.0265189243028
0.084609375,14.0265189243028
0.0846484375,10.0265189243028
0.0846875,7.02651892430276
0.0847265625,1.02651892430276
0.084765625,-2.97348107569724
0.0848046875,-5.97348107569724
0.08484375,-8.97348107569724
0.0848828125,-10.9734810756972
0.084921875,-10.9734810756972
0.0849609375,-10.9734810756972
0.085,-10.9734810756972
0.0850390625,-10.9734810756972
0.085078125,-10.9734810756972
0.0851171875,-9.97348107569724
0.08515625,-7.97348107569724
0.0851953125,-6.97348107569724
0.085234375,-6.97348107569724
0.0852734375,-7.97348107569724
0.0853125,-9.97348107569724
0.0853515625,-10.9734810756972
0.085390625,-9.97348107569724
0.0854296875,-7.97348107569724
0.08546875,-3.97348107569724
0.0855078125,-0.973481075697237
0.085546875,4.02651892430276
0.0855859375,5.02651892430276
0.085625,8.02651892430276
0.0856640625,8.02651892430276
0.085703125,6.02651892430276
0.0857421875,7.02651892430276
0.08578125,9.02651892430276
0.0858203125,11.0265189243028
0.085859375,12.0265189243028
0.0858984375,13.0265189243028
0.0859375,12.0265189243028
0.0859765625,11.0265189243028
0.086015625,8.02651892430276
0.0860546875,8.02651892430276
0.08609375,8.02651892430276
0.0861328125,8.02651892430276
0.086171875,7.02651892430276
0.0862109375,4.02651892430276
0.08625,1.02651892430276
0.0862890625,-1.97348107569724
0.086328125,-4.97348107569724
0.0863671875,-7.97348107569724
0.08640625,-9.97348107569724
0.0864453125,-10.9734810756972
0.086484375,-11.9734810756972
0.0865234375,-11.9734810756972
0.0865625,-11.9734810756972
0.0866015625,-12.9734810756972
0.086640625,-11.9734810756972
0.0866796875,-10.9734810756972
0.08671875,-8.97348107569724
0.0867578125,-4.97348107569724
0.086796875,-1.97348107569724
0.0868359375,2.02651892430276
0.086875,2.02651892430276
0.0869140625,2.02651892430276
0.086953125,1.02651892430276
0.0869921875,0.0265189243027635
0.08703125,0.0265189243027635
0.0870703125,2.02651892430276
0.087109375,3.02651892430276
0.0871484375,5.02651892430276
0.0871875,5.02651892430276
0.0872265625,5.02651892430276
0.087265625,4.02651892430276
0.0873046875,5.02651892430276
0.08734375,6.02651892430276
0.0873828125,7.02651892430276
0.087421875,9.02651892430276
0.0874609375,11.0265189243028
0.0875,11.0265189243028
0.0875390625,10.0265189243028
0.087578125,7.02651892430276
0.0876171875,5.02651892430276
0.08765625,2.02651892430276
0.0876953125,-1.97348107569724
0.087734375,-3.97348107569724
0.0877734375,-6.97348107569724
0.0878125,-8.97348107569724
0.0878515625,-9.97348107569724
0.087890625,-9.97348107569724
0.0879296875,-9.97348107569724
0.08796875,-8.97348107569724
0.0880078125,-7.97348107569724
0.088046875,-4.97348107569724
0.0880859375,-1.97348107569724
0.088125,1.02651892430276
0.0881640625,2.02651892430276
0.088203125,3.02651892430276
0.0882421875,4.02651892430276
0.08828125,3.02651892430276
0.0883203125,2.02651892430276
0.088359375,3.02651892430276
0.0883984375,5.02651892430276
0.0884375,7.02651892430276
0.0884765625,8.02651892430276
0.088515625,7.02651892430276
0.0885546875,4.02651892430276
0.08859375,3.02651892430276
0.0886328125,0.0265189243027635
0.088671875,-0.973481075697237
0.0887109375,-1.97348107569724
0.08875,-1.97348107569724
0.0887890625,-0.973481075697237
0.088828125,-0.973481075697237
0.0888671875,-1.97348107569724
0.08890625,-2.97348107569724
0.0889453125,-4.97348107569724
0.088984375,-5.97348107569724
0.0890234375,-6.97348107569724
0.0890625,-6.97348107569724
0.0891015625,-6.97348107569724
0.089140625,-5.97348107569724
0.0891796875,-6.97348107569724
0.08921875,-6.97348107569724
0.0892578125,-7.97348107569724
0.089296875,-6.97348107569724
0.0893359375,-6.97348107569724
0.089375,-5.97348107569724
0.0894140625,-3.97348107569724
0.089453125,-1.97348107569724
0.0894921875,0.0265189243027635
0.08953125,0.0265189243027635
0.0895703125,2.02651892430276
0.089609375,1.02651892430276
0.0896484375,2.02651892430276
0.0896875,3.02651892430276
0.0897265625,6.02651892430276
0.089765625,9.02651892430276
0.0898046875,10.0265189243028
0.08984375,10.0265189243028
0.0898828125,9.02651892430276
0.089921875,6.02651892430276
0.0899609375,6.02651892430276
0.09,5.02651892430276
0.0900390625,5.02651892430276
0.090078125,5.02651892430276
0.0901171875,4.02651892430276
0.09015625,2.02651892430276
0.0901953125,2.02651892430276
0.090234375,-0.973481075697237
0.0902734375,-3.97348107569724
0.0903125,-4.97348107569724
0.0903515625,-2.97348107569724
0.090390625,-1.97348107569724
0.0904296875,0.0265189243027635
0.09046875,-0.973481075697237
0.0905078125,-1.97348107569724
0.090546875,-2.97348107569724
0.0905859375,-3.97348107569724
0.090625,-4.97348107569724
0.0906640625,-5.97348107569724
0.090703125,-6.97348107569724
0.0907421875,-7.97348107569724
0.09078125,-6.97348107569724
0.0908203125,-6.97348107569724
0.090859375,-4.97348107569724
0.0908984375,-3.97348107569724
0.0909375,-1.97348107569724
0.0909765625,2.02651892430276
0.091015625,6.02651892430276
0.0910546875,10.0265189243028
0.09109375,12.0265189243028
0.0911328125,15.0265189243028
0.091171875,16.0265189243028
0.0912109375,16.0265189243028
0.09125,16.0265189243028
0.0912890625,14.0265189243028
0.091328125,11.0265189243028
0.0913671875,8.02651892430276
0.09140625,4.02651892430276
0.0914453125,1.02651892430276
0.091484375,-2.97348107569724
0.0915234375,-6.97348107569724
0.0915625,-7.97348107569724
0.0916015625,-8.97348107569724
0.091640625,-8.97348107569724
0.0916796875,-7.97348107569724
0.09171875,-5.97348107569724
0.0917578125,-4.97348107569724
0.091796875,-3.97348107569724
0.0918359375,-3.97348107569724
0.091875,-4.97348107569724
0.0919140625,-5.97348107569724
0.091953125,-6.97348107569724
0.0919921875,-8.97348107569724
0.09203125,-7.97348107569724
0.0920703125,-6.97348107569724
0.092109375,-7.97348107569724
0.0921484375,-7.97348107569724
0.0921875,-8.97348107569724
0.0922265625,-8.97348107569724
0.092265625,-8.97348107569724
0.0923046875,-6.97348107569724
0.09234375,-3.97348107569724
0.0923828125,-0.973481075697237
0.092421875,0.0265189243027635
0.0924609375,3.02651892430276
0.0925,4.02651892430276
0.0925390625,5.02651892430276
0.092578125,8.02651892430276
0.0926171875,11.0265189243028
0.09265625,12.0265189243028
0.0926953125,12.0265189243028
0.092734375,10.0265189243028
0.0927734375,7.02651892430276
0.0928125,4.02651892430276
0.0928515625,3.02651892430276
0.092890625,1.02651892430276
0.0929296875,1.02651892430276
0.09296875,1.02651892430276
0.0930078125,3.02651892430276
0.093046875,4.02651892430276
0.0930859375,4.02651892430276
0.093125,4.02651892430276
0.0931640625,4.02651892430276
0.093203125,3.02651892430276
0.0932421875,1.02651892430276
0.09328125,1.02651892430276
0.0933203125,0.0265189243027635
0.093359375,0.0265189243027635
0.0933984375,-0.973481075697237
0.0934375,-2.97348107569724
0.0934765625,-3.97348107569724
0.093515625,-5.97348107569724
0.0935546875,-5.97348107569724
0.09359375,-3.97348107569724
0.0936328125,-1.97348107569724
0.093671875,-0.973481075697237
0.0937109375,-0.973481075697237
0.09375,-0.973481075697237
0.0937890625,-0.973481075697237
0.093828125,0.0265189243027635
0.0938671875,-1.97348107569724
0.09390625,-1.97348107569724
0.0939453125,-1.97348107569724
0.093984375,-1.97348107569724
0.0940234375,-1.97348107569724
0.0940625,-1.97348107569724
0.0941015625,-1.97348107569724
0.094140625,-0.973481075697237
0.0941796875,0.0265189243027635
0.09421875,0.0265189243027635
0.0942578125,1.02651892430276
0.094296875,3.02651892430276
0.0943359375,4.02651892430276
0.094375,4.02651892430276
0.0944140625,3.02651892430276
0.094453125,0.0265189243027635
0.0944921875,-0.973481075697237
0.09453125,-0.973481075697237
0.0945703125,0.0265189243027635
0.094609375,-0.973481075697237
0.0946484375,-0.973481075697237
0.0946875,-0.973481075697237
0.0947265625,-2.97348107569724
0.094765625,-2.97348107569724
0.0948046875,-2.97348107569724
0.09484375,-3.97348107569724
0.0948828125,-1.97348107569724
0.094921875,-0.973481075697237
0.0949609375,1.02651892430276
0.095,4.02651892430276
0.0950390625,5.02651892430276
0.095078125,6.02651892430276
0.0951171875,7.02651892430276
0.09515625,7.02651892430276
0.0951953125,7.02651892430276
0.095234375,7.02651892430276
0.0952734375,9.02651892430276
0.0953125,7.02651892430276
0.0953515625,5.02651892430276
0.095390625,3.02651892430276
0.0954296875,-0.973481075697237
0.09546875,-3.97348107569724
0.0955078125,-5.97348107569724
0.095546875,-7.97348107569724
0.0955859375,-7.97348107569724
0.095625,-9.97348107569724
0.0956640625,-8.97348107569724
0.095703125,-9.97348107569724
0.0957421875,-9.97348107569724
0.09578125,-8.97348107569724
0.0958203125,-7.97348107569724
0.095859375,-5.97348107569724
0.0958984375,-3.97348107569724
0.0959375,-1.97348107569724
0.0959765625,-1.97348107569724
0.096015625,-1.97348107569724
0.0960546875,-0.973481075697237
0.09609375,-0.973481075697237
0.0961328125,0.0265189243027635
0.096171875,3.02651892430276
0.0962109375,7.02651892430276
0.09625,10.0265189243028
0.0962890625,13.0265189243028
0.096328125,15.0265189243028
0.0963671875,13.0265189243028
0.09640625,10.0265189243028
0.0964453125,8.02651892430276
0.096484375,6.02651892430276
0.0965234375,5.02651892430276
0.0965625,5.02651892430276
0.0966015625,4.02651892430276
0.096640625,3.02651892430276
0.0966796875,3.02651892430276
0.09671875,3.02651892430276
0.0967578125,2.02651892430276
0.096796875,1.02651892430276
0.0968359375,0.0265189243027635
0.096875,0.0265189243027635
0.0969140625,-2.97348107569724
0.096953125,-5.97348107569724
0.0969921875,-7.97348107569724
0.09703125,-11.9734810756972
0.0970703125,-12.9734810756972
0.097109375,-12.9734810756972
0.0971484375,-12.9734810756972
0.0971875,-11.9734810756972
0.0972265625,-8.97348107569724
0.097265625,-7.97348107569724
0.0973046875,-5.97348107569724
0.09734375,-4.97348107569724
0.0973828125,-4.97348107569724
0.097421875,-1.97348107569724
0.0974609375,0.0265189243027635
0.0975,2.02651892430276
0.0975390625,5.02651892430276
0.097578125,8.02651892430276
0.0976171875,8.02651892430276
0.09765625,7.02651892430276
0.0976953125,5.02651892430276
0.097734375,4.02651892430276
0.0977734375,3.02651892430276
0.0978125,3.02651892430276
0.0978515625,3.02651892430276
0.097890625,3.02651892430276
0.0979296875,4.02651892430276
0.09796875,4.02651892430276
0.0980078125,3.02651892430276
0.098046875,2.02651892430276
0.0980859375,1.02651892430276
0.098125,2.02651892430276
0.0981640625,3.02651892430276
0.098203125,5.02651892430276
0.0982421875,6.02651892430276
0.09828125,6.02651892430276
0.0983203125,5.02651892430276
0.098359375,1.02651892430276
0.0983984375,-0.973481075697237
0.0984375,-2.97348107569724
0.0984765625,-3.97348107569724
0.098515625,-2.97348107569724
0.0985546875,-3.97348107569724
0.09859375,-4.97348107569724
0.0986328125,-5.97348107569724
0.098671875,-8.97348107569724
0.0987109375,-9.97348107569724
0.09875,-9.97348107569724
0.0987890625,-8.97348107569724
0.098828125,-7.97348107569724
0.0988671875,-5.97348107569724
0.09890625,-3.97348107569724
0.0989453125,-4.97348107569724
0.098984375,-3.97348107569724
0.0990234375,-1.97348107569724
0.0990625,-0.973481075697237
0.0991015625,3.02651892430276
0.099140625,7.02651892430276
0.0991796875,10.0265189243028
0.09921875,12.0265189243028
0.0992578125,12.0265189243028
0.099296875,10.0265189243028
0.0993359375,8.02651892430276
0.099375,5.02651892430276
0.0994140625,2.02651892430276
0.099453125,2.02651892430276
0.0994921875,2.02651892430276
0.09953125,1.02651892430276
0.0995703125,2.02651892430276
0.099609375,2.02651892430276
0.0996484375,1.02651892430276
0.0996875,1.02651892430276
0.0997265625,1.02651892430276
0.099765625,2.02651892430276
0.0998046875,4.02651892430276
0.09984375,5.02651892430276
0.0998828125,5.02651892430276
0.099921875,4.02651892430276
0.0999609375,-0.973481075697237
0.1,-5.97348107569724
0.1000390625,-8.97348107569724
0.100078125,-10.9734810756972
0.1001171875,-9.97348107569724
0.10015625,-7.97348107569724
0.1001953125,-7.97348107569724
0.100234375,-5.97348107569724
0.1002734375,-2.97348107569724
0.1003125,0.0265189243027635
0.1003515625,4.02651892430276
0.100390625,6.02651892430276
0.1004296875,8.02651892430276
0.10046875,8.02651892430276
0.1005078125,7.02651892430276
0.100546875,5.02651892430276
0.1005859375,2.02651892430276
0.100625,0.0265189243027635
0.1006640625,0.0265189243027635
0.100703125,-1.97348107569724
0.1007421875,-0.973481075697237
0.10078125,0.0265189243027635
0.1008203125,1.02651892430276
0.100859375,2.02651892430276
0.1008984375,3.02651892430276
0.1009375,2.02651892430276
0.1009765625,0.0265189243027635
0.101015625,-1.97348107569724
0.1010546875,-2.97348107569724
0.10109375,-1.97348107569724
0.1011328125,-1.97348107569724
0.101171875,-1.97348107569724
0.1012109375,-2.97348107569724
0.10125,-5.97348107569724
0.1012890625,-7.97348107569724
0.101328125,-7.97348107569724
0.1013671875,-7.97348107569724
0.10140625,-5.97348107569724
0.1014453125,-4.97348107569724
0.101484375,-2.97348107569724
0.1015234375,-0.973481075697237
0.1015625,0.0265189243027635
0.1016015625,1.02651892430276
0.101640625,1.02651892430276
0.1016796875,1.02651892430276
0.10171875,2.02651892430276
0.1017578125,3.02651892430276
0.101796875,3.02651892430276
0.1018359375,5.02651892430276
0.101875,6.02651892430276
0.1019140625,6.02651892430276
0.101953125,5.02651892430276
0.1019921875,5.02651892430276
0.10203125,6.02651892430276
0.1020703125,6.02651892430276
0.102109375,6.02651892430276
0.1021484375,6.02651892430276
0.1021875,5.02651892430276
0.1022265625,4.02651892430276
0.102265625,3.02651892430276
0.1023046875,2.02651892430276
0.10234375,0.0265189243027635
0.1023828125,-0.973481075697237
0.102421875,-0.973481075697237
0.1024609375,-2.97348107569724
0.1025,-4.97348107569724
0.1025390625,-6.97348107569724
0.102578125,-7.97348107569724
0.1026171875,-8.97348107569724
0.10265625,-8.97348107569724
0.1026953125,-8.97348107569724
0.102734375,-6.97348107569724
0.1027734375,-2.97348107569724
0.1028125,-1.97348107569724
0.1028515625,0.0265189243027635
0.102890625,-0.973481075697237
0.1029296875,-2.97348107569724
0.10296875,-2.97348107569724
0.1030078125,-3.97348107569724
0.103046875,-4.97348107569724
0.1030859375,-5.97348107569724
0.103125,-3.97348107569724
0.1031640625,-3.97348107569724
0.103203125,-2.97348107569724
0.1032421875,-1.97348107569724
0.10328125,0.0265189243027635
0.1033203125,3.02651892430276
0.103359375,6.02651892430276
0.1033984375,7.02651892430276
0.1034375,10.0265189243028
0.1034765625,10.0265189243028
0.103515625,9.02651892430276
0.1035546875,9.02651892430276
0.10359375,8.02651892430276
0.1036328125,7.02651892430276
0.103671875,7.02651892430276
0.1037109375,6.02651892430276
0.10375,5.02651892430276
0.1037890625,4.02651892430276
0.103828125,3.02651892430276
0.1038671875,-0.973481075697237
0.10390625,-1.97348107569724
0.1039453125,-2.97348107569724
0.103984375,-3.97348107569724
0.1040234375,-1.97348107569724
0.1040625,-1.97348107569724
0.1041015625,-1.97348107569724
0.104140625,-0.973481075697237
0.1041796875,-3.97348107569724
0.10421875,-5.97348107569724
0.1042578125,-6.97348107569724
0.104296875,-6.97348107569724
0.1043359375,-7.97348107569724
0.104375,-7.97348107569724
0.1044140625,-5.97348107569724
0.104453125,-3.97348107569724
0.1044921875,-3.97348107569724
0.10453125,-2.97348107569724
0.1045703125,-1.97348107569724
0.104609375,-0.973481075697237
0.1046484375,1.02651892430276
0.1046875,2.02651892430276
0.1047265625,3.02651892430276
0.104765625,5.02651892430276
0.1048046875,4.02651892430276
0.10484375,5.02651892430276
0.1048828125,5.02651892430276
0.104921875,5.02651892430276
0.1049609375,6.02651892430276
0.105,8.02651892430276
0.1050390625,8.02651892430276
0.105078125,9.02651892430276
0.1051171875,9.02651892430276
0.10515625,9.02651892430276
0.1051953125,8.02651892430276
0.105234375,6.02651892430276
0.1052734375,5.02651892430276
0.1053125,4.02651892430276
0.1053515625,3.02651892430276
0.105390625,-0.973481075697237
0.1054296875,-4.97348107569724
0.10546875,-8.97348107569724
0.1055078125,-12.9734810756972
0.105546875,-14.9734810756972
0.1055859375,-13.9734810756972
0.105625,-11.9734810756972
0.1056640625,-7.97348107569724
0.105703125,-5.97348107569724
0.1057421875,-3.97348107569724
0.10578125,-3.97348107569724
0.1058203125,-2.97348107569724
0.105859375,-2.97348107569724
0.1058984375,-1.97348107569724
0.1059375,-1.97348107569724
0.1059765625,-1.97348107569724
0.106015625,-1.97348107569724
0.1060546875,0.0265189243027635
0.10609375,-0.973481075697237
0.1061328125,-0.973481075697237
0.106171875,-0.973481075697237
0.1062109375,0.0265189243027635
0.10625,0.0265189243027635
0.1062890625,0.0265189243027635
0.106328125,0.0265189243027635
0.1063671875,0.0265189243027635
0.10640625,0.0265189243027635
0.1064453125,-1.97348107569724
0.106484375,-0.973481075697237
0.1065234375,0.0265189243027635
0.1065625,0.0265189243027635
0.1066015625,2.02651892430276
0.106640625,4.02651892430276
0.1066796875,6.02651892430276
0.10671875,7.02651892430276
0.1067578125,7.02651892430276
0.106796875,6.02651892430276
0.1068359375,5.02651892430276
0.106875,5.02651892430276
0.1069140625,4.02651892430276
0.106953125,4.02651892430276
0.1069921875,4.02651892430276
0.10703125,3.02651892430276
0.1070703125,2.02651892430276
0.107109375,1.02651892430276
0.1071484375,-0.973481075697237
0.1071875,-1.97348107569724
0.1072265625,-1.97348107569724
0.107265625,-1.97348107569724
0.1073046875,0.0265189243027635
0.10734375,1.02651892430276
0.1073828125,1.02651892430276
0.107421875,0.0265189243027635
0.1074609375,0.0265189243027635
0.1075,-1.97348107569724
0.1075390625,-2.97348107569724
0.107578125,-3.97348107569724
0.1076171875,-3.97348107569724
0.10765625,-3.97348107569724
0.1076953125,-4.97348107569724
0.107734375,-4.97348107569724
0.1077734375,-5.97348107569724
0.1078125,-5.97348107569724
0.1078515625,-4.97348107569724
0.107890625,-2.97348107569724
0.1079296875,0.0265189243027635
0.10796875,2.02651892430276
0.1080078125,2.02651892430276
0.108046875,3.02651892430276
0.1080859375,1.02651892430276
0.108125,1.02651892430276
0.1081640625,0.0265189243027635
0.108203125,0.0265189243027635
0.1082421875,1.02651892430276
0.10828125,2.02651892430276
0.1083203125,3.02651892430276
0.108359375,3.02651892430276
0.1083984375,3.02651892430276
0.1084375,2.02651892430276
0.1084765625,0.0265189243027635
0.108515625,-0.973481075697237
0.1085546875,-0.973481075697237
0.10859375,0.0265189243027635
0.1086328125,1.02651892430276
0.108671875,1.02651892430276
0.1087109375,1.02651892430276
0.10875,1.02651892430276
0.1087890625,1.02651892430276
0.108828125,0.0265189243027635
0.1088671875,1.02651892430276
0.10890625,2.02651892430276
0.1089453125,2.02651892430276
0.108984375,2.02651892430276
0.1090234375,3.02651892430276
0.1090625,2.02651892430276
0.1091015625,1.02651892430276
0.109140625,1.02651892430276
0.1091796875,2.02651892430276
0.10921875,2.02651892430276
0.1092578125,3.02651892430276
0.109296875,5.02651892430276
0.1093359375,2.02651892430276
0.109375,0.0265189243027635
0.1094140625,-1.97348107569724
0.109453125,-2.97348107569724
0.1094921875,-2.97348107569724
0.10953125,-0.973481075697237
0.1095703125,1.02651892430276
0.109609375,3.02651892430276
0.1096484375,4.02651892430276
0.1096875,4.02651892430276
0.1097265625,4.02651892430276
0.109765625,3.02651892430276
0.1098046875,3.02651892430276
0.10984375,3.02651892430276
0.1098828125,2.02651892430276
0.109921875,1.02651892430276
0.1099609375,0.0265189243027635
0.11,-1.97348107569724
0.1100390625,-3.97348107569724
0.110078125,-7.97348107569724
0.1101171875,-8.97348107569724
0.11015625,-8.97348107569724
0.1101953125,-8.97348107569724
0.110234375,-5.97348107569724
0.1102734375,-3.97348107569724
0.1103125,-1.97348107569724
0.1103515625,-1.97348107569724
0.110390625,-1.97348107569724
0.1104296875,-2.97348107569724
0.11046875,-2.97348107569724
0.1105078125,-2.97348107569724
0.110546875,-1.97348107569724
0.1105859375,-0.973481075697237
0.110625,1.02651892430276
0.1106640625,2.02651892430276
0.110703125,2.02651892430276
0.1107421875,2.02651892430276
0.11078125,2.02651892430276
0.1108203125,2.02651892430276
0.110859375,3.02651892430276
0.1108984375,6.02651892430276
0.1109375,7.02651892430276
0.1109765625,9.02651892430276
0.111015625,9.02651892430276
0.1110546875,9.02651892430276
0.11109375,8.02651892430276
0.1111328125,6.02651892430276
0.111171875,6.02651892430276
0.1112109375,6.02651892430276
0.11125,4.02651892430276
0.1112890625,1.02651892430276
0.111328125,-1.97348107569724
0.1113671875,-5.97348107569724
0.11140625,-8.97348107569724
0.1114453125,-10.9734810756972
0.111484375,-11.9734810756972
0.1115234375,-11.9734810756972
0.1115625,-9.97348107569724
0.1116015625,-8.97348107569724
0.111640625,-6.97348107569724
0.1116796875,-5.97348107569724
0.11171875,-5.97348107569724
0.1117578125,-7.97348107569724
0.111796875,-9.97348107569724
0.1118359375,-10.9734810756972
0.111875,-10.9734810756972
0.1119140625,-10.9734810756972
0.111953125,-11.9734810756972
0.1119921875,-10.9734810756972
0.11203125,-9.97348107569724
0.1120703125,-7.97348107569724
0.112109375,-5.97348107569724
0.1121484375,-0.973481075697237
0.1121875,2.02651892430276
0.1122265625,6.02651892430276
0.112265625,9.02651892430276
0.1123046875,11.0265189243028
0.11234375,11.0265189243028
0.1123828125,11.0265189243028
0.112421875,12.0265189243028
0.1124609375,13.0265189243028
0.1125,14.0265189243028
0.1125390625,16.0265189243028
0.112578125,17.0265189243028
0.1126171875,17.0265189243028
0.11265625,17.0265189243028
0.1126953125,15.0265189243028
0.112734375,13.0265189243028
0.1127734375,12.0265189243028
0.1128125,11.0265189243028
0.1128515625,10.0265189243028
0.112890625,9.02651892430276
0.1129296875,5.02651892430276
0.11296875,3.02651892430276
0.1130078125,-0.973481075697237
0.113046875,-3.97348107569724
0.1130859375,-5.97348107569724
0.113125,-6.97348107569724
0.1131640625,-6.97348107569724
0.113203125,-5.97348107569724
0.1132421875,-6.97348107569724
0.11328125,-7.97348107569724
0.1133203125,-10.9734810756972
0.113359375,-11.9734810756972
0.1133984375,-11.9734810756972
0.1134375,-11.9734810756972
0.1134765625,-11.9734810756972
0.113515625,-10.9734810756972
0.1135546875,-11.9734810756972
0.11359375,-13.9734810756972
0.1136328125,-12.9734810756972
0.113671875,-11.9734810756972
0.1137109375,-9.97348107569724
0.11375,-4.97348107569724
0.1137890625,0.0265189243027635
0.113828125,6.02651892430276
0.1138671875,13.0265189243028
0.11390625,17.0265189243028
0.1139453125,19.0265189243028
0.113984375,20.0265189243028
0.1140234375,18.0265189243028
0.1140625,16.0265189243028
0.1141015625,15.0265189243028
0.114140625,13.0265189243028
0.1141796875,11.0265189243028
0.11421875,10.0265189243028
0.1142578125,7.02651892430276
0.114296875,3.02651892430276
0.1143359375,1.02651892430276
0.114375,-1.97348107569724
0.1144140625,-3.97348107569724
0.114453125,-4.97348107569724
0.1144921875,-5.97348107569724
0.11453125,-8.97348107569724
0.1145703125,-10.9734810756972
0.114609375,-14.9734810756972
0.1146484375,-17.9734810756972
0.1146875,-19.9734810756972
0.1147265625,-19.9734810756972
0.114765625,-18.9734810756972
0.1148046875,-16.9734810756972
0.11484375,-15.9734810756972
0.1148828125,-12.9734810756972
0.114921875,-11.9734810756972
0.1149609375,-8.97348107569724
0.115,-6.97348107569724
0.1150390625,-4.97348107569724
0.115078125,-2.97348107569724
0.1151171875,1.02651892430276
0.11515625,3.02651892430276
0.1151953125,5.02651892430276
0.115234375,4.02651892430276
0.1152734375,7.02651892430276
0.1153125,8.02651892430276
0.1153515625,7.02651892430276
0.115390625,8.02651892430276
0.1154296875,11.0265189243028
0.11546875,12.0265189243028
0.1155078125,13.0265189243028
0.115546875,13.0265189243028
0.1155859375,13.0265189243028
0.115625,11.0265189243028
0.1156640625,9.02651892430276
0.115703125,7.02651892430276
0.1157421875,7.02651892430276
0.11578125,6.02651892430276
0.1158203125,7.02651892430276
0.115859375,6.02651892430276
0.1158984375,5.02651892430276
0.1159375,3.02651892430276
0.1159765625,1.02651892430276
0.116015625,1.02651892430276
0.1160546875,0.0265189243027635
0.11609375,1.02651892430276
0.1161328125,0.0265189243027635
0.116171875,-0.973481075697237
0.1162109375,-1.97348107569724
0.11625,-2.97348107569724
0.1162890625,-2.97348107569724
0.116328125,-2.97348107569724
0.1163671875,-0.973481075697237
0.11640625,-0.973481075697237
0.1164453125,-0.973481075697237
0.116484375,-0.973481075697237
0.1165234375,-3.97348107569724
0.1165625,-4.97348107569724
0.1166015625,-7.97348107569724
0.116640625,-9.97348107569724
0.1166796875,-8.97348107569724
0.11671875,-7.97348107569724
0.1167578125,-4.97348107569724
0.116796875,-1.97348107569724
0.1168359375,-0.973481075697237
0.116875,0.0265189243027635
0.1169140625,0.0265189243027635
0.116953125,0.0265189243027635
0.1169921875,0.0265189243027635
0.11703125,2.02651892430276
0.1170703125,3.02651892430276
0.117109375,3.02651892430276
0.1171484375,2.02651892430276
0.1171875,1.02651892430276
0.1172265625,-1.97348107569724
0.117265625,-2.97348107569724
0.1173046875,-2.97348107569724
0.11734375,-0.973481075697237
0.1173828125,1.02651892430276
0.117421875,2.02651892430276
0.1174609375,2.02651892430276
0.1175,4.02651892430276
0.1175390625,2.02651892430276
0.117578125,1.02651892430276
0.1176171875,1.02651892430276
0.11765625,0.0265189243027635
0.1176953125,-0.973481075697237
0.117734375,-1.97348107569724
0.1177734375,-3.97348107569724
0.1178125,-5.97348107569724
0.1178515625,-6.97348107569724
0.117890625,-6.97348107569724
0.1179296875,-6.97348107569724
0.11796875,-4.97348107569724
0.1180078125,-0.973481075697237
0.118046875,2.02651892430276
0.1180859375,4.02651892430276
0.118125,5.02651892430276
0.1181640625,5.02651892430276
0.118203125,4.02651892430276
0.1182421875,2.02651892430276
0.11828125,-0.973481075697237
0.1183203125,-1.97348107569724
0.118359375,-3.97348107569724
0.1183984375,-2.97348107569724
0.1184375,-1.97348107569724
0.1184765625,-0.973481075697237
0.118515625,-0.973481075697237
0.1185546875,1.02651892430276
0.11859375,2.02651892430276
0.1186328125,3.02651892430276
0.118671875,6.02651892430276
0.1187109375,5.02651892430276
0.11875,5.02651892430276
0.1187890625,4.02651892430276
0.118828125,4.02651892430276
0.1188671875,3.02651892430276
0.11890625,3.02651892430276
0.1189453125,3.02651892430276
0.118984375,3.02651892430276
0.1190234375,3.02651892430276
0.1190625,3.02651892430276
0.1191015625,2.02651892430276
0.119140625,1.02651892430276
0.1191796875,-0.973481075697237
0.11921875,-1.97348107569724
0.1192578125,-2.97348107569724
0.119296875,-1.97348107569724
0.1193359375,0.0265189243027635
0.119375,2.02651892430276
0.1194140625,5.02651892430276
0.119453125,6.02651892430276
0.1194921875,8.02651892430276
0.11953125,7.02651892430276
0.1195703125,6.02651892430276
0.119609375,6.02651892430276
0.1196484375,5.02651892430276
0.1196875,3.02651892430276
0.1197265625,1.02651892430276
0.119765625,-0.973481075697237
0.1198046875,-5.97348107569724
0.11984375,-8.97348107569724
0.1198828125,-10.9734810756972
0.119921875,-12.9734810756972
0.1199609375,-11.9734810756972
0.12,-9.97348107569724
0.1200390625,-10.9734810756972
0.120078125,-9.97348107569724
0.1201171875,-8.97348107569724
0.12015625,-6.97348107569724
0.1201953125,-4.97348107569724
0.120234375,-2.97348107569724
0.1202734375,0.0265189243027635
0.1203125,4.02651892430276
0.1203515625,7.02651892430276
0.120390625,8.02651892430276
0.1204296875,9.02651892430276
0.12046875,7.02651892430276
0.1205078125,5.02651892430276
0.120546875,4.02651892430276
0.1205859375,3.02651892430276
0.120625,2.02651892430276
0.1206640625,3.02651892430276
0.120703125,2.02651892430276
0.1207421875,0.0265189243027635
0.12078125,-1.97348107569724
0.1208203125,-5.97348107569724
0.120859375,-8.97348107569724
0.1208984375,-10.9734810756972
0.1209375,-10.9734810756972
0.1209765625,-9.97348107569724
0.121015625,-6.97348107569724
0.1210546875,-4.97348107569724
0.12109375,-3.97348107569724
0.1211328125,-1.97348107569724
0.121171875,-1.97348107569724
0.1212109375,-1.97348107569724
0.12125,-0.973481075697237
0.1212890625,2.02651892430276
0.121328125,2.02651892430276
0.1213671875,3.02651892430276
0.12140625,3.02651892430276
0.1214453125,2.02651892430276
0.121484375,1.02651892430276
0.1215234375,0.0265189243027635
0.1215625,0.0265189243027635
0.1216015625,1.02651892430276
0.121640625,3.02651892430276
0.1216796875,6.02651892430276
0.12171875,10.0265189243028
0.1217578125,12.0265189243028
0.121796875,13.0265189243028
0.1218359375,15.0265189243028
0.121875,14.0265189243028
0.1219140625,14.0265189243028
0.121953125,14.0265189243028
0.1219921875,13.0265189243028
0.12203125,9.02651892430276
0.1220703125,5.02651892430276
0.122109375,1.02651892430276
0.1221484375,-2.97348107569724
0.1221875,-5.97348107569724
0.1222265625,-7.97348107569724
0.122265625,-8.97348107569724
0.1223046875,-9.97348107569724
0.12234375,-9.97348107569724
0.1223828125,-9.97348107569724
0.122421875,-7.97348107569724
0.1224609375,-7.97348107569724
0.1225,-6.97348107569724
0.1225390625,-3.97348107569724
0.122578125,-1.97348107569724
0.1226171875,1.02651892430276
0.12265625,4.02651892430276
0.1226953125,7.02651892430276
0.122734375,7.02651892430276
0.1227734375,7.02651892430276
0.1228125,5.02651892430276
0.1228515625,3.02651892430276
0.122890625,3.02651892430276
0.1229296875,1.02651892430276
0.12296875,0.0265189243027635
0.1230078125,-0.973481075697237
0.123046875,-1.97348107569724
0.1230859375,-1.97348107569724
0.123125,-1.97348107569724
0.1231640625,-0.973481075697237
0.123203125,0.0265189243027635
0.1232421875,1.02651892430276
0.12328125,3.02651892430276
0.1233203125,2.02651892430276
0.123359375,2.02651892430276
0.1233984375,0.0265189243027635
0.1234375,-3.97348107569724
0.1234765625,-5.97348107569724
0.123515625,-7.97348107569724
0.1235546875,-7.97348107569724
0.12359375,-8.97348107569724
0.1236328125,-7.97348107569724
0.123671875,-8.97348107569724
0.1237109375,-8.97348107569724
0.12375,-7.97348107569724
0.1237890625,-6.97348107569724
0.123828125,-4.97348107569724
0.1238671875,-1.97348107569724
0.12390625,0.0265189243027635
0.1239453125,1.02651892430276
0.123984375,4.02651892430276
0.1240234375,3.02651892430276
0.1240625,2.02651892430276
0.1241015625,1.02651892430276
0.124140625,-0.973481075697237
0.1241796875,-0.973481075697237
0.12421875,0.0265189243027635
0.1242578125,1.02651892430276
0.124296875,2.02651892430276
0.1243359375,2.02651892430276
0.124375,3.02651892430276
0.1244140625,3.02651892430276
0.124453125,5.02651892430276
0.1244921875,6.02651892430276
0.12453125,9.02651892430276
0.1245703125,10.0265189243028
0.124609375,11.0265189243028
0.1246484375,11.0265189243028
0.1246875,9.02651892430276
0.1247265625,7.02651892430276
0.124765625,6.02651892430276
0.1248046875,4.02651892430276
0.12484375,2.02651892430276
0.1248828125,1.02651892430276
0.124921875,0.0265189243027635
0.1249609375,-2.97348107569724
0.125,-5.97348107569724
0.1250390625,-8.97348107569724
0.125078125,-10.9734810756972
0.1251171875,-11.9734810756972
0.12515625,-10.9734810756972
0.1251953125,-10.9734810756972
0.125234375,-7.97348107569724
0.1252734375,-6.97348107569724
0.1253125,-5.97348107569724
0.1253515625,-5.97348107569724
0.125390625,-5.97348107569724
0.1254296875,-5.97348107569724
0.12546875,-3.97348107569724
0.1255078125,-1.97348107569724
0.125546875,1.02651892430276
0.1255859375,4.02651892430276
0.125625,5.02651892430276
0.1256640625,5.02651892430276
0.125703125,5.02651892430276
0.1257421875,4.02651892430276
0.12578125,5.02651892430276
0.1258203125,6.02651892430276
0.125859375,6.02651892430276
0.1258984375,8.02651892430276
0.1259375,9.02651892430276
0.1259765625,9.02651892430276
0.126015625,9.02651892430276
0.1260546875,10.0265189243028
0.12609375,10.0265189243028
0.1261328125,10.0265189243028
0.126171875,10.0265189243028
0.1262109375,9.02651892430276
0.12625,7.02651892430276
0.1262890625,3.02651892430276
0.126328125,-1.97348107569724
0.1263671875,-6.97348107569724
0.12640625,-10.9734810756972
0.1264453125,-14.9734810756972
0.126484375,-17.9734810756972
0.1265234375,-17.9734810756972
0.1265625,-18.9734810756972
0.1266015625,-17.9734810756972
0.126640625,-17.9734810756972
0.1266796875,-16.9734810756972
0.12671875,-15.9734810756972
0.1267578125,-10.9734810756972
0.126796875,-6.97348107569724
0.1268359375,-1.97348107569724
0.126875,3.02651892430276
0.1269140625,6.02651892430276
0.126953125,8.02651892430276
0.1269921875,9.02651892430276
0.12703125,9.02651892430276
0.1270703125,9.02651892430276
0.127109375,8.02651892430276
0.1271484375,9.02651892430276
0.1271875,9.02651892430276
0.1272265625,9.02651892430276
0.127265625,9.02651892430276
0.1273046875,7.02651892430276
0.12734375,6.02651892430276
0.1273828125,6.02651892430276
0.127421875,7.02651892430276
0.1274609375,8.02651892430276
0.1275,10.0265189243028
0.1275390625,10.0265189243028
0.127578125,8.02651892430276
0.1276171875,6.02651892430276
0.12765625,2.02651892430276
0.1276953125,-0.973481075697237
0.127734375,-2.97348107569724
0.1277734375,-3.97348107569724
0.1278125,-3.97348107569724
0.1278515625,-3.97348107569724
0.127890625,-3.97348107569724
0.1279296875,-2.97348107569724
0.12796875,-3.97348107569724
0.1280078125,-4.97348107569724
0.128046875,-4.97348107569724
0.1280859375,-3.97348107569724
0.128125,-3.97348107569724
0.1281640625,-0.973481075697237
0.128203125,0.0265189243027635
0.1282421875,0.0265189243027635
0.12828125,0.0265189243027635
0.1283203125,-0.973481075697237
0.128359375,-2.97348107569724
0.1283984375,-3.97348107569724
0.1284375,-2.97348107569724
0.1284765625,-3.97348107569724
0.128515625,-3.97348107569724
0.1285546875,-1.97348107569724
0.12859375,-1.97348107569724
0.1286328125,-1.97348107569724
0.128671875,-0.973481075697237
0.1287109375,-0.973481075697237
0.12875,1.02651892430276
0.1287890625,3.02651892430276
0.128828125,3.02651892430276
0.1288671875,2.02651892430276
0.12890625,1.02651892430276
0.1289453125,-0.973481075697237
0.128984375,-1.97348107569724
0.1290234375,-3.97348107569724
0.1290625,-3.97348107569724
0.1291015625,-1.97348107569724
0.129140625,-0.973481075697237
0.1291796875,0.0265189243027635
0.12921875,1.02651892430276
0.1292578125,2.02651892430276
0.129296875,2.02651892430276
0.1293359375,2.02651892430276
0.129375,2.02651892430276
0.1294140625,3.02651892430276
0.129453125,4.02651892430276
0.1294921875,4.02651892430276
0.12953125,3.02651892430276
0.1295703125,0.0265189243027635
0.129609375,-3.97348107569724
0.1296484375,-5.97348107569724
0.1296875,-6.97348107569724
0.1297265625,-6.97348107569724
0.129765625,-4.97348107569724
0.1298046875,-2.97348107569724
0.12984375,-2.97348107569724
0.1298828125,-2.97348107569724
0.129921875,-2.97348107569724
0.1299609375,-3.97348107569724
0.13,-4.97348107569724
0.1300390625,-5.97348107569724
0.130078125,-4.97348107569724
0.1301171875,-4.97348107569724
0.13015625,-3.97348107569724
0.1301953125,-1.97348107569724
0.130234375,0.0265189243027635
0.1302734375,1.02651892430276
0.1303125,3.02651892430276
0.1303515625,4.02651892430276
0.130390625,6.02651892430276
0.1304296875,7.02651892430276
0.13046875,9.02651892430276
0.1305078125,9.02651892430276
0.130546875,7.02651892430276
0.1305859375,4.02651892430276
0.130625,3.02651892430276
0.1306640625,3.02651892430276
0.130703125,2.02651892430276
0.1307421875,5.02651892430276
0.13078125,6.02651892430276
0.1308203125,7.02651892430276
0.130859375,8.02651892430276
0.1308984375,6.02651892430276
0.1309375,6.02651892430276
0.1309765625,7.02651892430276
0.131015625,8.02651892430276
0.1310546875,8.02651892430276
0.13109375,9.02651892430276
0.1311328125,7.02651892430276
0.131171875,6.02651892430276
0.1312109375,4.02651892430276
0.13125,2.02651892430276
0.1312890625,-0.973481075697237
0.131328125,-2.97348107569724
0.1313671875,-4.97348107569724
0.13140625,-6.97348107569724
0.1314453125,-6.97348107569724
0.131484375,-9.97348107569724
0.1315234375,-11.9734810756972
0.1315625,-12.9734810756972
0.1316015625,-14.9734810756972
0.131640625,-15.9734810756972
0.1316796875,-15.9734810756972
0.13171875,-12.9734810756972
0.1317578125,-10.9734810756972
0.131796875,-7.97348107569724
0.1318359375,-5.97348107569724
0.131875,-2.97348107569724
0.1319140625,-0.973481075697237
0.131953125,1.02651892430276
0.1319921875,5.02651892430276
0.13203125,8.02651892430276
0.1320703125,10.0265189243028
0.132109375,11.0265189243028
0.1321484375,12.0265189243028
0.1321875,11.0265189243028
0.1322265625,9.02651892430276
0.132265625,9.02651892430276
0.1323046875,8.02651892430276
0.13234375,6.02651892430276
0.1323828125,6.02651892430276
0.132421875,5.02651892430276
0.1324609375,6.02651892430276
0.1325,6.02651892430276
0.1325390625,6.02651892430276
0.132578125,5.02651892430276
0.1326171875,4.02651892430276
0.13265625,3.02651892430276
0.1326953125,1.02651892430276
0.132734375,-1.97348107569724
0.1327734375,-4.97348107569724
0.1328125,-9.97348107569724
0.1328515625,-15.9734810756972
0.132890625,-20.9734810756972
0.1329296875,-23.9734810756972
0.13296875,-25.9734810756972
0.1330078125,-24.9734810756972
0.133046875,-24.9734810756972
0.1330859375,-22.9734810756972
0.133125,-21.9734810756972
0.1331640625,-18.9734810756972
0.133203125,-13.9734810756972
0.1332421875,-8.97348107569724
0.13328125,-2.97348107569724
0.1333203125,2.02651892430276
0.133359375,8.02651892430276
0.1333984375,11.0265189243028
0.1334375,14.0265189243028
0.1334765625,17.0265189243028
0.133515625,18.0265189243028
0.1335546875,20.0265189243028
0.13359375,21.0265189243028
0.1336328125,20.0265189243028
0.133671875,21.0265189243028
0.1337109375,23.0265189243028
0.13375,24.0265189243028
0.1337890625,22.0265189243028
0.133828125,20.0265189243028
0.1338671875,17.0265189243028
0.13390625,13.0265189243028
0.1339453125,10.0265189243028
0.133984375,8.02651892430276
0.1340234375,7.02651892430276
0.1340625,4.02651892430276
0.1341015625,-0.973481075697237
0.134140625,-3.97348107569724
0.1341796875,-6.97348107569724
0.13421875,-8.97348107569724
0.1342578125,-10.9734810756972
0.134296875,-10.9734810756972
0.1343359375,-12.9734810756972
0.134375,-13.9734810756972
0.1344140625,-14.9734810756972
0.134453125,-16.9734810756972
0.1344921875,-16.9734810756972
0.13453125,-17.9734810756972
0.1345703125,-16.9734810756972
0.134609375,-13.9734810756972
0.1346484375,-10.9734810756972
0.1346875,-5.97348107569724
0.1347265625,-1.97348107569724
0.134765625,0.0265189243027635
0.1348046875,2.02651892430276
0.13484375,2.02651892430276
0.1348828125,2.02651892430276
0.134921875,4.02651892430276
0.1349609375,8.02651892430276
0.135,10.0265189243028
0.1350390625,10.0265189243028
0.135078125,9.02651892430276
0.1351171875,9.02651892430276
0.13515625,7.02651892430276
0.1351953125,6.02651892430276
0.135234375,5.02651892430276
0.1352734375,5.02651892430276
0.1353125,6.02651892430276
0.1353515625,7.02651892430276
0.135390625,9.02651892430276
0.1354296875,9.02651892430276
0.13546875,7.02651892430276
0.1355078125,4.02651892430276
0.135546875,2.02651892430276
0.1355859375,-0.973481075697237
0.135625,-3.97348107569724
0.1356640625,-5.97348107569724
0.135703125,-7.97348107569724
0.1357421875,-11.9734810756972
0.13578125,-12.9734810756972
0.1358203125,-14.9734810756972
0.135859375,-15.9734810756972
0.1358984375,-14.9734810756972
0.1359375,-12.9734810756972
0.1359765625,-10.9734810756972
0.136015625,-7.97348107569724
0.1360546875,-6.97348107569724
0.13609375,-4.97348107569724
0.1361328125,-2.97348107569724
0.136171875,-0.973481075697237
0.1362109375,2.02651892430276
0.13625,5.02651892430276
0.1362890625,9.02651892430276
0.136328125,12.0265189243028
0.1363671875,13.0265189243028
0.13640625,13.0265189243028
0.1364453125,12.0265189243028
0.136484375,11.0265189243028
0.1365234375,9.02651892430276
0.1365625,8.02651892430276
0.1366015625,7.02651892430276
0.136640625,7.02651892430276
0.1366796875,8.02651892430276
0.13671875,9.02651892430276
0.1367578125,8.02651892430276
0.136796875,6.02651892430276
0.1368359375,5.02651892430276
0.136875,4.02651892430276
0.1369140625,3.02651892430276
0.136953125,1.02651892430276
0.1369921875,-0.973481075697237
0.13703125,-5.97348107569724
0.1370703125,-9.97348107569724
0.137109375,-14.9734810756972
0.1371484375,-17.9734810756972
0.1371875,-18.9734810756972
0.1372265625,-16.9734810756972
0.137265625,-13.9734810756972
0.1373046875,-10.9734810756972
0.13734375,-9.97348107569724
0.1373828125,-8.97348107569724
0.137421875,-6.97348107569724
0.1374609375,-4.97348107569724
0.1375,-3.97348107569724
0.1375390625,0.0265189243027635
0.137578125,1.02651892430276
0.1376171875,1.02651892430276
0.13765625,2.02651892430276
0.1376953125,2.02651892430276
0.137734375,3.02651892430276
0.1377734375,3.02651892430276
0.1378125,4.02651892430276
0.1378515625,4.02651892430276
0.137890625,6.02651892430276
0.1379296875,7.02651892430276
0.13796875,8.02651892430276
0.1380078125,8.02651892430276
0.138046875,6.02651892430276
0.1380859375,3.02651892430276
0.138125,2.02651892430276
0.1381640625,0.0265189243027635
0.138203125,0.0265189243027635
0.1382421875,2.02651892430276
0.13828125,3.02651892430276
0.1383203125,1.02651892430276
0.138359375,0.0265189243027635
0.1383984375,-3.97348107569724
0.1384375,-5.97348107569724
0.1384765625,-6.97348107569724
0.138515625,-5.97348107569724
0.1385546875,-3.97348107569724
0.13859375,-0.973481075697237
0.1386328125,0.0265189243027635
0.138671875,0.0265189243027635
0.1387109375,-0.973481075697237
0.13875,-1.97348107569724
0.1387890625,-2.97348107569724
0.138828125,-1.97348107569724
0.1388671875,0.0265189243027635
0.13890625,1.02651892430276
0.1389453125,3.02651892430276
0.138984375,4.02651892430276
0.1390234375,4.02651892430276
0.1390625,5.02651892430276
0.1391015625,5.02651892430276
0.139140625,6.02651892430276
0.1391796875,8.02651892430276
0.13921875,9.02651892430276
0.1392578125,10.0265189243028
0.139296875,10.0265189243028
0.1393359375,8.02651892430276
0.139375,4.02651892430276
0.1394140625,0.0265189243027635
0.139453125,-0.973481075697237
0.1394921875,0.0265189243027635
0.13953125,-0.973481075697237
0.1395703125,-1.97348107569724
0.139609375,-2.97348107569724
0.1396484375,-2.97348107569724
0.1396875,-4.97348107569724
0.1397265625,-7.97348107569724
0.139765625,-8.97348107569724
0.1398046875,-10.9734810756972
0.13984375,-10.9734810756972
0.1398828125,-9.97348107569724
0.139921875,-7.97348107569724
0.1399609375,-6.97348107569724
0.14,-3.97348107569724
0.1400390625,-1.97348107569724
0.140078125,0.0265189243027635
0.1401171875,3.02651892430276
0.14015625,6.02651892430276
0.1401953125,8.02651892430276
0.140234375,10.0265189243028
0.1402734375,10.0265189243028
0.1403125,8.02651892430276
0.1403515625,6.02651892430276
0.140390625,5.02651892430276
0.1404296875,5.02651892430276
0.14046875,6.02651892430276
0.1405078125,6.02651892430276
0.140546875,8.02651892430276
0.1405859375,9.02651892430276
0.140625,8.02651892430276
0.1406640625,6.02651892430276
0.140703125,4.02651892430276
0.1407421875,1.02651892430276
0.14078125,-1.97348107569724
0.1408203125,-2.97348107569724
0.140859375,-3.97348107569724
0.1408984375,-5.97348107569724
0.1409375,-5.97348107569724
0.1409765625,-7.97348107569724
0.141015625,-9.97348107569724
0.1410546875,-10.9734810756972
0.14109375,-10.9734810756972
0.1411328125,-7.97348107569724
0.141171875,-7.97348107569724
0.1412109375,-6.97348107569724
0.14125,-8.97348107569724
0.1412890625,-8.97348107569724
0.141328125,-8.97348107569724
0.1413671875,-9.97348107569724
0.14140625,-8.97348107569724
0.1414453125,-7.97348107569724
0.141484375,-5.97348107569724
0.1415234375,-2.97348107569724
0.1415625,-1.97348107569724
0.1416015625,-0.973481075697237
0.141640625,0.0265189243027635
0.1416796875,2.02651892430276
0.14171875,3.02651892430276
0.1417578125,4.02651892430276
0.141796875,6.02651892430276
0.1418359375,7.02651892430276
0.141875,7.02651892430276
0.1419140625,7.02651892430276
0.141953125,4.02651892430276
0.1419921875,5.02651892430276
0.14203125,4.02651892430276
0.1420703125,4.02651892430276
0.142109375,4.02651892430276
0.1421484375,6.02651892430276
0.1421875,6.02651892430276
0.1422265625,6.02651892430276
0.142265625,5.02651892430276
0.1423046875,3.02651892430276
0.14234375,4.02651892430276
0.1423828125,3.02651892430276
0.142421875,2.02651892430276
0.1424609375,2.02651892430276
0.1425,1.02651892430276
0.1425390625,0.0265189243027635
0.142578125,0.0265189243027635
0.1426171875,-0.973481075697237
0.14265625,-0.973481075697237
0.1426953125,-0.973481075697237
0.142734375,0.0265189243027635
0.1427734375,0.0265189243027635
0.1428125,1.02651892430276
0.1428515625,1.02651892430276
0.142890625,0.0265189243027635
0.1429296875,-3.97348107569724
0.14296875,-3.97348107569724
0.1430078125,-4.97348107569724
0.143046875,-4.97348107569724
0.1430859375,-2.97348107569724
0.143125,-1.97348107569724
0.1431640625,0.0265189243027635
0.143203125,2.02651892430276
0.1432421875,0.0265189243027635
0.14328125,1.02651892430276
0.1433203125,3.02651892430276
0.143359375,6.02651892430276
0.1433984375,8.02651892430276
0.1434375,8.02651892430276
0.1434765625,3.02651892430276
0.143515625,-4.97348107569724
0.1435546875,-14.9734810756972
0.14359375,-17.9734810756972
0.1436328125,-16.9734810756972
0.143671875,-15.9734810756972
0.1437109375,-18.9734810756972
0.14375,-20.9734810756972
0.1437890625,-21.9734810756972
0.143828125,-14.9734810756972
0.1438671875,-2.97348107569724
0.14390625,6.02651892430276
0.1439453125,11.0265189243028
0.143984375,12.0265189243028
0.1440234375,9.02651892430276
0.1440625,9.02651892430276
0.1441015625,9.02651892430276
0.144140625,6.02651892430276
0.1441796875,3.02651892430276
0.14421875,9.02651892430276
0.1442578125,17.0265189243028
0.144296875,22.0265189243028
0.1443359375,25.0265189243028
0.144375,27.0265189243028
0.1444140625,30.0265189243028
0.144453125,33.0265189243028
0.1444921875,40.0265189243028
0.14453125,43.0265189243028
0.1445703125,44.0265189243028
0.144609375,38.0265189243028
0.1446484375,31.0265189243028
0.1446875,27.0265189243028
0.1447265625,27.0265189243028
0.144765625,27.0265189243028
0.1448046875,26.0265189243028
0.14484375,17.0265189243028
0.1448828125,5.02651892430276
0.144921875,-7.97348107569724
0.1449609375,-19.9734810756972
0.145,-32.9734810756972
0.1450390625,-42.9734810756972
0.145078125,-57.9734810756972
0.1451171875,-71.9734810756972
0.14515625,-81.9734810756972
0.1451953125,-87.9734810756972
0.145234375,-93.9734810756972
0.1452734375,-96.9734810756972
0.1453125,-96.9734810756972
0.1453515625,-92.9734810756972
0.145390625,-82.9734810756972
0.1454296875,-70.9734810756972
0.14546875,-55.9734810756972
0.1455078125,-41.9734810756972
0.145546875,-29.9734810756972
0.1455859375,-17.9734810756972
0.145625,-1.97348107569724
0.1456640625,15.0265189243028
0.145703125,28.0265189243028
0.1457421875,39.0265189243028
0.14578125,48.0265189243028
0.1458203125,55.0265189243028
0.145859375,61.0265189243028
0.1458984375,67.0265189243028
0.1459375,70.0265189243028
0.1459765625,73.0265189243028
0.146015625,77.0265189243028
0.1460546875,78.0265189243028
0.14609375,78.0265189243028
0.1461328125,75.0265189243028
0.146171875,68.0265189243028
0.1462109375,60.0265189243028
0.14625,52.0265189243028
0.1462890625,44.0265189243028
0.146328125,38.0265189243028
0.1463671875,31.0265189243028
0.14640625,24.0265189243028
0.1464453125,14.0265189243028
0.146484375,7.02651892430276
0.1465234375,-1.97348107569724
0.1465625,-9.97348107569724
0.1466015625,-16.9734810756972
0.146640625,-22.9734810756972
0.1466796875,-27.9734810756972
0.14671875,-33.9734810756972
0.1467578125,-41.9734810756972
0.146796875,-48.9734810756972
0.1468359375,-55.9734810756972
0.146875,-61.9734810756972
0.1469140625,-64.9734810756972
0.146953125,-64.9734810756972
0.1469921875,-61.9734810756972
0.14703125,-57.9734810756972
0.1470703125,-52.9734810756972
0.147109375,-49.9734810756972
0.1471484375,-43.9734810756972
0.1471875,-36.9734810756972
0.1472265625,-29.9734810756972
0.147265625,-23.9734810756972
0.1473046875,-15.9734810756972
0.14734375,-6.97348107569724
0.1473828125,2.02651892430276
0.147421875,12.0265189243028
0.1474609375,20.0265189243028
0.1475,29.0265189243028
0.1475390625,37.0265189243028
0.147578125,47.0265189243028
0.1476171875,58.0265189243028
0.14765625,67.0265189243028
0.1476953125,74.0265189243028
0.147734375,80.0265189243028
0.1477734375,82.0265189243028
0.1478125,80.0265189243028
0.1478515625,77.0265189243028
0.147890625,72.0265189243028
0.1479296875,65.0265189243028
0.14796875,59.0265189243028
0.1480078125,50.0265189243028
0.148046875,38.0265189243028
0.1480859375,25.0265189243028
0.148125,12.0265189243028
0.1481640625,-2.97348107569724
0.148203125,-17.9734810756972
0.1482421875,-32.9734810756972
0.14828125,-45.9734810756972
0.1483203125,-56.9734810756972
0.148359375,-65.9734810756972
0.1483984375,-73.9734810756972
0.1484375,-78.9734810756972
0.1484765625,-80.9734810756972
0.148515625,-83.9734810756972
0.1485546875,-83.9734810756972
0.14859375,-83.9734810756972
0.1486328125,-81.9734810756972
0.148671875,-79.9734810756972
0.1487109375,-74.9734810756972
0.14875,-67.9734810756972
0.1487890625,-61.9734810756972
0.148828125,-54.9734810756972
0.1488671875,-44.9734810756972
0.14890625,-31.9734810756972
0.1489453125,-18.9734810756972
0.148984375,-4.97348107569724
0.1490234375,8.02651892430276
0.1490625,19.0265189243028
0.1491015625,28.0265189243028
0.149140625,35.0265189243028
0.1491796875,40.0265189243028
0.14921875,43.0265189243028
0.1492578125,48.0265189243028
0.149296875,53.0265189243028
0.1493359375,57.0265189243028
0.149375,63.0265189243028
0.1494140625,67.0265189243028
0.149453125,69.0265189243028
0.1494921875,70.0265189243028
0.14953125,69.0265189243028
0.1495703125,69.0265189243028
0.149609375,70.0265189243028
0.1496484375,69.0265189243028
0.1496875,67.0265189243028
0.1497265625,61.0265189243028
0.149765625,53.0265189243028
0.1498046875,42.0265189243028
0.14984375,32.0265189243028
0.1498828125,22.0265189243028
0.149921875,13.0265189243028
0.1499609375,3.02651892430276
0.15,-5.97348107569724
0.1500390625,-13.9734810756972
0.150078125,-23.9734810756972
0.1501171875,-32.9734810756972
0.15015625,-39.9734810756972
0.1501953125,-43.9734810756972
0.150234375,-46.9734810756972
0.1502734375,-49.9734810756972
0.1503125,-50.9734810756972
0.1503515625,-53.9734810756972
0.150390625,-55.9734810756972
0.1504296875,-56.9734810756972
0.15046875,-59.9734810756972
0.1505078125,-60.9734810756972
0.150546875,-58.9734810756972
0.1505859375,-54.9734810756972
0.150625,-49.9734810756972
0.1506640625,-43.9734810756972
0.150703125,-38.9734810756972
0.1507421875,-33.9734810756972
0.15078125,-26.9734810756972
0.1508203125,-20.9734810756972
0.150859375,-13.9734810756972
0.1508984375,-6.97348107569724
0.1509375,1.02651892430276
0.1509765625,7.02651892430276
0.151015625,13.0265189243028
0.1510546875,17.0265189243028
0.15109375,22.0265189243028
0.1511328125,27.0265189243028
0.151171875,31.0265189243028
0.1512109375,35.0265189243028
0.15125,37.0265189243028
0.1512890625,38.0265189243028
0.151328125,39.0265189243028
0.1513671875,40.0265189243028
0.15140625,38.0265189243028
0.1514453125,36.0265189243028
0.151484375,32.0265189243028
0.1515234375,31.0265189243028
0.1515625,30.0265189243028
0.1516015625,29.0265189243028
0.151640625,26.0265189243028
0.1516796875,23.0265189243028
0.15171875,17.0265189243028
0.1517578125,11.0265189243028
0.151796875,7.02651892430276
0.1518359375,2.02651892430276
0.151875,0.0265189243027635
0.1519140625,-1.97348107569724
0.151953125,-2.97348107569724
0.1519921875,-5.97348107569724
0.15203125,-5.97348107569724
0.1520703125,-7.97348107569724
0.152109375,-9.97348107569724
0.1521484375,-10.9734810756972
0.1521875,-11.9734810756972
0.1522265625,-12.9734810756972
0.152265625,-15.9734810756972
0.1523046875,-16.9734810756972
0.15234375,-17.9734810756972
0.1523828125,-17.9734810756972
0.152421875,-17.9734810756972
0.1524609375,-17.9734810756972
0.1525,-18.9734810756972
0.1525390625,-18.9734810756972
0.152578125,-15.9734810756972
0.1526171875,-13.9734810756972
0.15265625,-10.9734810756972
0.1526953125,-9.97348107569724
0.152734375,-7.97348107569724
0.1527734375,-6.97348107569724
0.1528125,-5.97348107569724
0.1528515625,-4.97348107569724
0.152890625,-2.97348107569724
0.1529296875,1.02651892430276
0.15296875,4.02651892430276
0.1530078125,7.02651892430276
0.153046875,8.02651892430276
0.1530859375,10.0265189243028
0.153125,14.0265189243028
0.1531640625,18.0265189243028
0.153203125,23.0265189243028
0.1532421875,28.0265189243028
0.15328125,29.0265189243028
0.1533203125,28.0265189243028
0.153359375,26.0265189243028
0.1533984375,23.0265189243028
0.1534375,18.0265189243028
0.1534765625,16.0265189243028
0.153515625,13.0265189243028
0.1535546875,11.0265189243028
0.15359375,8.02651892430276
0.1536328125,5.02651892430276
0.153671875,2.02651892430276
0.1537109375,0.0265189243027635
0.15375,-2.97348107569724
0.1537890625,-4.97348107569724
0.153828125,-6.97348107569724
0.1538671875,-8.97348107569724
0.15390625,-10.9734810756972
0.1539453125,-11.9734810756972
0.153984375,-14.9734810756972
0.1540234375,-17.9734810756972
0.1540625,-19.9734810756972
0.1541015625,-24.9734810756972
0.154140625,-26.9734810756972
0.1541796875,-26.9734810756972
0.15421875,-25.9734810756972
0.1542578125,-26.9734810756972
0.154296875,-26.9734810756972
0.1543359375,-26.9734810756972
0.154375,-28.9734810756972
0.1544140625,-25.9734810756972
0.154453125,-22.9734810756972
0.1544921875,-19.9734810756972
0.15453125,-13.9734810756972
0.1545703125,-11.9734810756972
0.154609375,-9.97348107569724
0.1546484375,-7.97348107569724
0.1546875,-4.97348107569724
0.1547265625,-2.97348107569724
0.154765625,-0.973481075697237
0.1548046875,3.02651892430276
0.15484375,7.02651892430276
0.1548828125,10.0265189243028
0.154921875,13.0265189243028
0.1549609375,15.0265189243028
0.155,16.0265189243028
0.1550390625,17.0265189243028
0.155078125,17.0265189243028
0.1551171875,18.0265189243028
0.15515625,21.0265189243028
0.1551953125,24.0265189243028
0.155234375,26.0265189243028
0.1552734375,27.0265189243028
0.1553125,27.0265189243028
0.1553515625,27.0265189243028
0.155390625,25.0265189243028
0.1554296875,21.0265189243028
0.15546875,19.0265189243028
0.1555078125,15.0265189243028
0.155546875,14.0265189243028
0.1555859375,14.0265189243028
0.155625,12.0265189243028
0.1556640625,10.0265189243028
0.155703125,8.02651892430276
0.1557421875,8.02651892430276
0.15578125,8.02651892430276
0.1558203125,9.02651892430276
0.155859375,8.02651892430276
0.1558984375,4.02651892430276
0.1559375,-0.973481075697237
0.1559765625,-5.97348107569724
0.156015625,-10.9734810756972
0.1560546875,-13.9734810756972
0.15609375,-16.9734810756972
0.1561328125,-19.9734810756972
0.156171875,-19.9734810756972
0.1562109375,-19.9734810756972
0.15625,-19.9734810756972
0.1562890625,-20.9734810756972
0.156328125,-19.9734810756972
0.1563671875,-18.9734810756972
0.15640625,-15.9734810756972
0.1564453125,-14.9734810756972
0.156484375,-12.9734810756972
0.1565234375,-12.9734810756972
0.1565625,-12.9734810756972
0.1566015625,-13.9734810756972
0.156640625,-13.9734810756972
0.1566796875,-12.9734810756972
0.15671875,-10.9734810756972
0.1567578125,-6.97348107569724
0.156796875,-1.97348107569724
0.1568359375,3.02651892430276
0.156875,7.02651892430276
0.1569140625,10.0265189243028
0.156953125,12.0265189243028
0.1569921875,17.0265189243028
0.15703125,19.0265189243028
0.1570703125,21.0265189243028
0.157109375,23.0265189243028
0.1571484375,25.0265189243028
0.1571875,27.0265189243028
0.1572265625,27.0265189243028
0.157265625,25.0265189243028
0.1573046875,24.0265189243028
0.15734375,22.0265189243028
0.1573828125,21.0265189243028
0.157421875,18.0265189243028
0.1574609375,14.0265189243028
0.1575,9.02651892430276
0.1575390625,1.02651892430276
0.157578125,-4.97348107569724
0.1576171875,-11.9734810756972
0.15765625,-18.9734810756972
0.1576953125,-24.9734810756972
0.157734375,-27.9734810756972
0.1577734375,-29.9734810756972
0.1578125,-31.9734810756972
0.1578515625,-30.9734810756972
0.157890625,-32.9734810756972
0.1579296875,-34.9734810756972
0.15796875,-36.9734810756972
0.1580078125,-37.9734810756972
0.158046875,-36.9734810756972
0.1580859375,-36.9734810756972
0.158125,-33.9734810756972
0.1581640625,-30.9734810756972
0.158203125,-27.9734810756972
0.1582421875,-23.9734810756972
0.15828125,-18.9734810756972
0.1583203125,-12.9734810756972
0.158359375,-5.97348107569724
0.1583984375,2.02651892430276
0.1584375,10.0265189243028
0.1584765625,18.0265189243028
0.158515625,23.0265189243028
0.1585546875,28.0265189243028
0.15859375,31.0265189243028
0.1586328125,33.0265189243028
0.158671875,36.0265189243028
0.1587109375,40.0265189243028
0.15875,43.0265189243028
0.1587890625,45.0265189243028
0.158828125,45.0265189243028
0.1588671875,44.0265189243028
0.15890625,43.0265189243028
0.1589453125,39.0265189243028
0.158984375,37.0265189243028
0.1590234375,35.0265189243028
0.1590625,33.0265189243028
0.1591015625,30.0265189243028
0.159140625,26.0265189243028
0.1591796875,19.0265189243028
0.15921875,12.0265189243028
0.1592578125,4.02651892430276
0.159296875,-3.97348107569724
0.1593359375,-8.97348107569724
0.159375,-13.9734810756972
0.1594140625,-18.9734810756972
0.159453125,-22.9734810756972
0.1594921875,-27.9734810756972
0.15953125,-34.9734810756972
0.1595703125,-38.9734810756972
0.159609375,-40.9734810756972
0.1596484375,-41.9734810756972
0.1596875,-41.9734810756972
0.1597265625,-40.9734810756972
0.159765625,-40.9734810756972
0.1598046875,-38.9734810756972
0.15984375,-36.9734810756972
0.1598828125,-33.9734810756972
0.159921875,-28.9734810756972
0.1599609375,-23.9734810756972
0.16,-15.9734810756972
0.1600390625,-4.97348107569724
0.160078125,6.02651892430276
0.1601171875,16.0265189243028
0.16015625,24.0265189243028
0.1601953125,30.0265189243028
0.160234375,32.0265189243028
0.1602734375,35.0265189243028
0.1603125,36.0265189243028
0.1603515625,35.0265189243028
0.160390625,35.0265189243028
0.1604296875,33.0265189243028
0.16046875,30.0265189243028
0.1605078125,26.0265189243028
0.160546875,20.0265189243028
0.1605859375,15.0265189243028
0.160625,12.0265189243028
0.1606640625,9.02651892430276
0.160703125,7.02651892430276
0.1607421875,4.02651892430276
0.16078125,0.0265189243027635
0.1608203125,-5.97348107569724
0.160859375,-9.97348107569724
0.1608984375,-14.9734810756972
0.1609375,-17.9734810756972
0.1609765625,-19.9734810756972
0.161015625,-20.9734810756972
0.1610546875,-23.9734810756972
0.16109375,-26.9734810756972
0.1611328125,-28.9734810756972
0.161171875,-31.9734810756972
0.1612109375,-32.9734810756972
0.16125,-33.9734810756972
0.1612890625,-33.9734810756972
0.161328125,-32.9734810756972
0.1613671875,-30.9734810756972
0.16140625,-27.9734810756972
0.1614453125,-23.9734810756972
0.161484375,-19.9734810756972
0.1615234375,-16.9734810756972
0.1615625,-10.9734810756972
0.1616015625,-5.97348107569724
0.161640625,2.02651892430276
0.1616796875,8.02651892430276
0.16171875,16.0265189243028
0.1617578125,23.0265189243028
0.161796875,30.0265189243028
0.1618359375,35.0265189243028
0.161875,36.0265189243028
0.1619140625,37.0265189243028
0.161953125,37.0265189243028
0.1619921875,37.0265189243028
0.16203125,35.0265189243028
0.1620703125,32.0265189243028
0.162109375,28.0265189243028
0.1621484375,24.0265189243028
0.1621875,21.0265189243028
0.1622265625,20.0265189243028
0.162265625,20.0265189243028
0.1623046875,20.0265189243028
0.16234375,21.0265189243028
0.1623828125,19.0265189243028
0.162421875,15.0265189243028
0.1624609375,10.0265189243028
0.1625,4.02651892430276
0.1625390625,-3.97348107569724
0.162578125,-10.9734810756972
0.1626171875,-16.9734810756972
0.16265625,-20.9734810756972
0.1626953125,-23.9734810756972
0.162734375,-24.9734810756972
0.1627734375,-23.9734810756972
0.1628125,-20.9734810756972
0.1628515625,-17.9734810756972
0.162890625,-11.9734810756972
0.1629296875,-7.97348107569724
0.16296875,-3.97348107569724
0.1630078125,-2.97348107569724
0.163046875,-1.97348107569724
0.1630859375,-0.973481075697237
0.163125,-2.97348107569724
0.1631640625,-5.97348107569724
0.163203125,-8.97348107569724
0.1632421875,-8.97348107569724
0.16328125,-9.97348107569724
0.1633203125,-8.97348107569724
0.163359375,-6.97348107569724
0.1633984375,-5.97348107569724
0.1634375,-2.97348107569724
0.1634765625,-0.973481075697237
0.163515625,0.0265189243027635
0.1635546875,2.02651892430276
0.16359375,2.02651892430276
0.1636328125,0.0265189243027635
0.163671875,0.0265189243027635
0.1637109375,-1.97348107569724
0.16375,-2.97348107569724
0.1637890625,-1.97348107569724
0.163828125,-1.97348107569724
0.1638671875,-0.973481075697237
0.16390625,-0.973481075697237
0.1639453125,0.0265189243027635
0.163984375,0.0265189243027635
0.1640234375,0.0265189243027635
0.1640625,-1.97348107569724
0.1641015625,-5.97348107569724
0.164140625,-7.97348107569724
0.1641796875,-11.9734810756972
0.16421875,-12.9734810756972
0.1642578125,-13.9734810756972
0.164296875,-11.9734810756972
0.1643359375,-9.97348107569724
0.164375,-5.97348107569724
0.1644140625,-2.97348107569724
0.164453125,-1.97348107569724
0.1644921875,1.02651892430276
0.16453125,3.02651892430276
0.1645703125,3.02651892430276
0.164609375,5.02651892430276
0.1646484375,6.02651892430276
0.1646875,6.02651892430276
0.1647265625,5.02651892430276
0.164765625,4.02651892430276
0.1648046875,2.02651892430276
0.16484375,3.02651892430276
0.1648828125,4.02651892430276
0.164921875,7.02651892430276
0.1649609375,10.0265189243028
0.165,13.0265189243028
0.1650390625,12.0265189243028
0.165078125,13.0265189243028
0.1651171875,12.0265189243028
0.16515625,10.0265189243028
0.1651953125,8.02651892430276
0.165234375,7.02651892430276
0.1652734375,7.02651892430276
0.1653125,6.02651892430276
0.1653515625,7.02651892430276
0.165390625,8.02651892430276
0.1654296875,9.02651892430276
0.16546875,11.0265189243028
0.1655078125,13.0265189243028
0.165546875,15.0265189243028
0.1655859375,15.0265189243028
0.165625,15.0265189243028
0.1656640625,13.0265189243028
0.165703125,8.02651892430276
0.1657421875,2.02651892430276
0.16578125,-1.97348107569724
0.1658203125,-5.97348107569724
0.165859375,-8.97348107569724
0.1658984375,-7.97348107569724
0.1659375,-5.97348107569724
0.1659765625,-4.97348107569724
0.166015625,-3.97348107569724
0.1660546875,-3.97348107569724
0.16609375,-3.97348107569724
0.1661328125,-4.97348107569724
0.166171875,-4.97348107569724
0.1662109375,-4.97348107569724
0.16625,-5.97348107569724
0.1662890625,-6.97348107569724
0.166328125,-9.97348107569724
0.1663671875,-11.9734810756972
0.16640625,-13.9734810756972
0.1664453125,-14.9734810756972
0.166484375,-15.9734810756972
0.1665234375,-15.9734810756972
0.1665625,-14.9734810756972
0.1666015625,-13.9734810756972
0.166640625,-11.9734810756972
0.1666796875,-10.9734810756972
0.16671875,-8.97348107569724
0.1667578125,-7.97348107569724
0.166796875,-6.97348107569724
0.1668359375,-4.97348107569724
0.166875,-3.97348107569724
0.1669140625,-3.97348107569724
0.166953125,-2.97348107569724
0.1669921875,-1.97348107569724
0.16703125,-1.97348107569724
0.1670703125,-2.97348107569724
0.167109375,-2.97348107569724
0.1671484375,-2.97348107569724
0.1671875,-1.97348107569724
0.1672265625,-0.973481075697237
0.167265625,-0.973481075697237
0.1673046875,-1.97348107569724
0.16734375,-1.97348107569724
0.1673828125,-0.973481075697237
0.167421875,-0.973481075697237
0.1674609375,1.02651892430276
0.1675,4.02651892430276
0.1675390625,8.02651892430276
0.167578125,13.0265189243028
0.1676171875,18.0265189243028
0.16765625,21.0265189243028
0.1676953125,22.0265189243028
0.167734375,20.0265189243028
0.1677734375,19.0265189243028
0.1678125,17.0265189243028
0.1678515625,14.0265189243028
0.167890625,12.0265189243028
0.1679296875,10.0265189243028
0.16796875,8.02651892430276
0.1680078125,8.02651892430276
0.168046875,6.02651892430276
0.1680859375,3.02651892430276
0.168125,3.02651892430276
0.1681640625,1.02651892430276
0.168203125,-0.973481075697237
0.1682421875,-2.97348107569724
0.16828125,-5.97348107569724
0.1683203125,-8.97348107569724
0.168359375,-11.9734810756972
0.1683984375,-13.9734810756972
0.1684375,-14.9734810756972
0.1684765625,-14.9734810756972
0.168515625,-13.9734810756972
0.1685546875,-9.97348107569724
0.16859375,-5.97348107569724
0.1686328125,-3.97348107569724
0.168671875,-1.97348107569724
0.1687109375,2.02651892430276
0.16875,4.02651892430276
0.1687890625,7.02651892430276
0.168828125,11.0265189243028
0.1688671875,12.0265189243028
0.16890625,12.0265189243028
0.1689453125,13.0265189243028
0.168984375,13.0265189243028
0.1690234375,12.0265189243028
0.1690625,14.0265189243028
0.1691015625,15.0265189243028
0.169140625,16.0265189243028
0.1691796875,18.0265189243028
0.16921875,18.0265189243028
0.1692578125,17.0265189243028
0.169296875,15.0265189243028
0.1693359375,11.0265189243028
0.169375,5.02651892430276
0.1694140625,-0.973481075697237
0.169453125,-3.97348107569724
0.1694921875,-7.97348107569724
0.16953125,-11.9734810756972
0.1695703125,-13.9734810756972
0.169609375,-16.9734810756972
0.1696484375,-18.9734810756972
0.1696875,-19.9734810756972
0.1697265625,-20.9734810756972
0.169765625,-20.9734810756972
0.1698046875,-19.9734810756972
0.16984375,-20.9734810756972
0.1698828125,-20.9734810756972
0.169921875,-21.9734810756972
0.1699609375,-24.9734810756972
0.17,-24.9734810756972
0.1700390625,-23.9734810756972
0.170078125,-22.9734810756972
0.1701171875,-20.9734810756972
0.17015625,-17.9734810756972
0.1701953125,-16.9734810756972
0.170234375,-13.9734810756972
0.1702734375,-12.9734810756972
0.1703125,-11.9734810756972
0.1703515625,-8.97348107569724
0.170390625,-3.97348107569724
0.1704296875,0.0265189243027635
0.17046875,5.02651892430276
0.1705078125,9.02651892430276
0.170546875,12.0265189243028
0.1705859375,16.0265189243028
0.170625,18.0265189243028
0.1706640625,19.0265189243028
0.170703125,20.0265189243028
0.1707421875,22.0265189243028
0.17078125,24.0265189243028
0.1708203125,26.0265189243028
0.170859375,28.0265189243028
0.1708984375,28.0265189243028
0.1709375,27.0265189243028
0.1709765625,26.0265189243028
0.171015625,23.0265189243028
0.1710546875,20.0265189243028
0.17109375,17.0265189243028
0.1711328125,17.0265189243028
0.171171875,14.0265189243028
0.1712109375,11.0265189243028
0.17125,6.02651892430276
0.1712890625,2.02651892430276
0.171328125,-0.973481075697237
0.1713671875,-4.97348107569724
0.17140625,-5.97348107569724
0.1714453125,-7.97348107569724
0.171484375,-9.97348107569724
0.1715234375,-13.9734810756972
0.1715625,-16.9734810756972
0.1716015625,-19.9734810756972
0.171640625,-19.9734810756972
0.1716796875,-19.9734810756972
0.17171875,-16.9734810756972
0.1717578125,-12.9734810756972
0.171796875,-7.97348107569724
0.1718359375,-3.97348107569724
0.171875,-0.973481075697237
0.1719140625,0.0265189243027635
0.171953125,2.02651892430276
0.1719921875,2.02651892430276
0.17203125,1.02651892430276
0.1720703125,0.0265189243027635
0.172109375,0.0265189243027635
0.1721484375,-0.973481075697237
0.1721875,0.0265189243027635
0.1722265625,0.0265189243027635
0.172265625,1.02651892430276
0.1723046875,1.02651892430276
0.17234375,4.02651892430276
0.1723828125,6.02651892430276
0.172421875,8.02651892430276
0.1724609375,10.0265189243028
0.1725,11.0265189243028
0.1725390625,10.0265189243028
0.172578125,8.02651892430276
0.1726171875,6.02651892430276
0.17265625,4.02651892430276
0.1726953125,4.02651892430276
0.172734375,4.02651892430276
0.1727734375,3.02651892430276
0.1728125,5.02651892430276
0.1728515625,4.02651892430276
0.172890625,3.02651892430276
0.1729296875,3.02651892430276
0.17296875,2.02651892430276
0.1730078125,1.02651892430276
0.173046875,-1.97348107569724
0.1730859375,-2.97348107569724
0.173125,-5.97348107569724
0.1731640625,-7.97348107569724
0.173203125,-10.9734810756972
0.1732421875,-14.9734810756972
0.17328125,-18.9734810756972
0.1733203125,-22.9734810756972
0.173359375,-25.9734810756972
0.1733984375,-26.9734810756972
0.1734375,-26.9734810756972
0.1734765625,-25.9734810756972
0.173515625,-23.9734810756972
0.1735546875,-21.9734810756972
0.17359375,-19.9734810756972
0.1736328125,-15.9734810756972
0.173671875,-11.9734810756972
0.1737109375,-7.97348107569724
0.17375,-3.97348107569724
0.1737890625,-0.973481075697237
0.173828125,2.02651892430276
0.1738671875,4.02651892430276
0.17390625,4.02651892430276
0.1739453125,6.02651892430276
0.173984375,8.02651892430276
0.1740234375,12.0265189243028
0.1740625,15.0265189243028
0.1741015625,19.0265189243028
0.174140625,22.0265189243028
0.1741796875,22.0265189243028
0.17421875,23.0265189243028
0.1742578125,23.0265189243028
0.174296875,24.0265189243028
0.1743359375,26.0265189243028
0.174375,27.0265189243028
0.1744140625,27.0265189243028
0.174453125,26.0265189243028
0.1744921875,23.0265189243028
0.17453125,18.0265189243028
0.1745703125,13.0265189243028
0.174609375,10.0265189243028
0.1746484375,6.02651892430276
0.1746875,3.02651892430276
0.1747265625,1.02651892430276
0.174765625,-0.973481075697237
0.1748046875,-2.97348107569724
0.17484375,-6.97348107569724
0.1748828125,-9.97348107569724
0.174921875,-11.9734810756972
0.1749609375,-13.9734810756972
0.175,-13.9734810756972
0.1750390625,-14.9734810756972
0.175078125,-13.9734810756972
0.1751171875,-13.9734810756972
0.17515625,-13.9734810756972
0.1751953125,-11.9734810756972
0.175234375,-10.9734810756972
0.1752734375,-7.97348107569724
0.1753125,-7.97348107569724
0.1753515625,-7.97348107569724
0.175390625,-8.97348107569724
0.1754296875,-9.97348107569724
0.17546875,-11.9734810756972
0.1755078125,-11.9734810756972
0.175546875,-9.97348107569724
0.1755859375,-7.97348107569724
0.175625,-6.97348107569724
0.1756640625,-5.97348107569724
0.175703125,-3.97348107569724
0.1757421875,-1.97348107569724
0.17578125,1.02651892430276
0.1758203125,2.02651892430276
0.175859375,1.02651892430276
0.1758984375,3.02651892430276
0.1759375,2.02651892430276
0.1759765625,5.02651892430276
0.176015625,8.02651892430276
0.1760546875,11.0265189243028
0.17609375,15.0265189243028
0.1761328125,17.0265189243028
0.176171875,17.0265189243028
0.1762109375,16.0265189243028
0.17625,15.0265189243028
0.1762890625,14.0265189243028
0.176328125,11.0265189243028
0.1763671875,9.02651892430276
0.17640625,6.02651892430276
0.1764453125,2.02651892430276
0.176484375,-0.973481075697237
0.1765234375,-2.97348107569724
0.1765625,-4.97348107569724
0.1766015625,-4.97348107569724
0.176640625,-4.97348107569724
0.1766796875,-3.97348107569724
0.17671875,-3.97348107569724
0.1767578125,-2.97348107569724
0.176796875,-3.97348107569724
0.1768359375,-3.97348107569724
0.176875,-5.97348107569724
0.1769140625,-6.97348107569724
0.176953125,-6.97348107569724
0.1769921875,-8.97348107569724
0.17703125,-10.9734810756972
0.1770703125,-11.9734810756972
0.177109375,-13.9734810756972
0.1771484375,-13.9734810756972
0.1771875,-13.9734810756972
0.1772265625,-14.9734810756972
0.177265625,-11.9734810756972
0.1773046875,-7.97348107569724
0.17734375,-2.97348107569724
0.1773828125,2.02651892430276
0.177421875,6.02651892430276
0.1774609375,7.02651892430276
0.1775,7.02651892430276
0.1775390625,8.02651892430276
0.177578125,8.02651892430276
0.1776171875,11.0265189243028
0.17765625,13.0265189243028
0.1776953125,15.0265189243028
0.177734375,16.0265189243028
0.1777734375,16.0265189243028
0.1778125,17.0265189243028
0.1778515625,16.0265189243028
0.177890625,13.0265189243028
0.1779296875,11.0265189243028
0.17796875,9.02651892430276
0.1780078125,6.02651892430276
0.178046875,2.02651892430276
0.1780859375,-0.973481075697237
0.178125,-3.97348107569724
0.1781640625,-6.97348107569724
0.178203125,-5.97348107569724
0.1782421875,-5.97348107569724
0.17828125,-3.97348107569724
0.1783203125,-0.973481075697237
0.178359375,1.02651892430276
0.1783984375,2.02651892430276
0.1784375,2.02651892430276
0.1784765625,2.02651892430276
0.178515625,1.02651892430276
0.1785546875,0.0265189243027635
0.17859375,-1.97348107569724
0.1786328125,-6.97348107569724
0.178671875,-9.97348107569724
0.1787109375,-13.9734810756972
0.17875,-15.9734810756972
0.1787890625,-18.9734810756972
0.178828125,-19.9734810756972
0.1788671875,-19.9734810756972
0.17890625,-17.9734810756972
0.1789453125,-14.9734810756972
0.178984375,-11.9734810756972
0.1790234375,-9.97348107569724
0.1790625,-6.97348107569724
0.1791015625,-7.97348107569724
0.179140625,-7.97348107569724
0.1791796875,-7.97348107569724
0.17921875,-8.97348107569724
0.1792578125,-6.97348107569724
0.179296875,-4.97348107569724
0.1793359375,-2.97348107569724
0.179375,1.02651892430276
0.1794140625,4.02651892430276
0.179453125,8.02651892430276
0.1794921875,14.0265189243028
0.17953125,19.0265189243028
0.1795703125,23.0265189243028
0.179609375,26.0265189243028
0.1796484375,28.0265189243028
0.1796875,28.0265189243028
0.1797265625,26.0265189243028
0.179765625,23.0265189243028
0.1798046875,20.0265189243028
0.17984375,18.0265189243028
0.1798828125,15.0265189243028
0.179921875,12.0265189243028
0.1799609375,10.0265189243028
0.18,6.02651892430276
0.1800390625,1.02651892430276
0.180078125,-4.97348107569724
0.1801171875,-11.9734810756972
0.18015625,-15.9734810756972
0.1801953125,-15.9734810756972
0.180234375,-14.9734810756972
0.1802734375,-13.9734810756972
0.1803125,-18.9734810756972
0.1803515625,-27.9734810756972
0.180390625,-35.9734810756972
0.1804296875,-34.9734810756972
0.18046875,-22.9734810756972
0.1805078125,-8.97348107569724
0.180546875,1.02651892430276
0.1805859375,2.02651892430276
0.180625,-6.97348107569724
0.1806640625,-17.9734810756972
0.180703125,-20.9734810756972
0.1807421875,-17.9734810756972
0.18078125,-8.97348107569724
0.1808203125,2.02651892430276
0.180859375,13.0265189243028
0.1808984375,20.0265189243028
0.1809375,23.0265189243028
0.1809765625,25.0265189243028
0.181015625,23.0265189243028
0.1810546875,22.0265189243028
0.18109375,25.0265189243028
0.1811328125,27.0265189243028
0.181171875,27.0265189243028
0.1812109375,21.0265189243028
0.18125,16.0265189243028
0.1812890625,12.0265189243028
0.181328125,11.0265189243028
0.1813671875,13.0265189243028
0.18140625,17.0265189243028
0.1814453125,17.0265189243028
0.181484375,15.0265189243028
0.1815234375,16.0265189243028
0.1815625,18.0265189243028
0.1816015625,21.0265189243028
0.181640625,24.0265189243028
0.1816796875,24.0265189243028
0.18171875,18.0265189243028
0.1817578125,7.02651892430276
0.181796875,-1.97348107569724
0.1818359375,-9.97348107569724
0.181875,-17.9734810756972
0.1819140625,-29.9734810756972
0.181953125,-42.9734810756972
0.1819921875,-54.9734810756972
0.18203125,-61.9734810756972
0.1820703125,-65.9734810756972
0.182109375,-70.9734810756972
0.1821484375,-73.9734810756972
0.1821875,-72.9734810756972
0.1822265625,-69.9734810756972
0.182265625,-64.9734810756972
0.1823046875,-58.9734810756972
0.18234375,-53.9734810756972
0.1823828125,-45.9734810756972
0.182421875,-36.9734810756972
0.1824609375,-25.9734810756972
0.1825,-13.9734810756972
0.1825390625,-0.973481075697237
0.182578125,11.0265189243028
0.1826171875,23.0265189243028
0.18265625,32.0265189243028
0.1826953125,42.0265189243028
0.182734375,51.0265189243028
0.1827734375,60.0265189243028
0.1828125,68.0265189243028
0.1828515625,74.0265189243028
0.182890625,80.0265189243028
0.1829296875,82.0265189243028
0.18296875,81.0265189243028
0.1830078125,76.0265189243028
0.183046875,71.0265189243028
0.1830859375,67.0265189243028
0.183125,65.0265189243028
0.1831640625,64.0265189243028
0.183203125,62.0265189243028
0.1832421875,59.0265189243028
0.18328125,53.0265189243028
0.1833203125,42.0265189243028
0.183359375,29.0265189243028
0.1833984375,16.0265189243028
0.1834375,3.02651892430276
0.1834765625,-7.97348107569724
0.183515625,-18.9734810756972
0.1835546875,-29.9734810756972
0.18359375,-41.9734810756972
0.1836328125,-53.9734810756972
0.183671875,-64.9734810756972
0.1837109375,-73.9734810756972
0.18375,-79.9734810756972
0.1837890625,-82.9734810756972
0.183828125,-84.9734810756972
0.1838671875,-85.9734810756972
0.18390625,-83.9734810756972
0.1839453125,-81.9734810756972
0.183984375,-78.9734810756972
0.1840234375,-74.9734810756972
0.1840625,-68.9734810756972
0.1841015625,-59.9734810756972
0.184140625,-51.9734810756972
0.1841796875,-40.9734810756972
0.18421875,-29.9734810756972
0.1842578125,-19.9734810756972
0.184296875,-8.97348107569724
0.1843359375,5.02651892430276
0.184375,17.0265189243028
0.1844140625,32.0265189243028
0.184453125,48.0265189243028
0.1844921875,62.0265189243028
0.18453125,72.0265189243028
0.1845703125,78.0265189243028
0.184609375,80.0265189243028
0.1846484375,77.0265189243028
0.1846875,80.0265189243028
0.1847265625,81.0265189243028
0.184765625,79.0265189243028
0.1848046875,75.0265189243028
0.18484375,66.0265189243028
0.1848828125,53.0265189243028
0.184921875,44.0265189243028
0.1849609375,41.0265189243028
0.185,43.0265189243028
0.1850390625,42.0265189243028
0.185078125,36.0265189243028
0.1851171875,27.0265189243028
0.18515625,15.0265189243028
0.1851953125,0.0265189243027635
0.185234375,-14.9734810756972
0.1852734375,-30.9734810756972
0.1853125,-46.9734810756972
0.1853515625,-57.9734810756972
0.185390625,-68.9734810756972
0.1854296875,-81.9734810756972
0.18546875,-92.9734810756972
0.1855078125,-104.973481075697
0.185546875,-117.973481075697
0.1855859375,-119.973481075697
0.185625,-116.973481075697
0.1856640625,-115.973481075697
0.185703125,-111.973481075697
0.1857421875,-103.973481075697
0.18578125,-88.9734810756972
0.1858203125,-71.9734810756972
0.185859375,-48.9734810756972
0.1858984375,-24.9734810756972
0.1859375,-3.97348107569724
0.1859765625,15.0265189243028
0.186015625,32.0265189243028
0.1860546875,51.0265189243028
0.18609375,70.0265189243028
0.1861328125,87.0265189243028
0.186171875,102.026518924303
0.1862109375,111.026518924303
0.18625,115.026518924303
0.1862890625,118.026518924303
0.186328125,120.026518924303
0.1863671875,119.026518924303
0.18640625,115.026518924303
0.1864453125,108.026518924303
0.186484375,101.026518924303
0.1865234375,94.0265189243028
0.1865625,84.0265189243028
0.1866015625,68.0265189243028
0.186640625,52.0265189243028
0.1866796875,36.0265189243028
0.18671875,23.0265189243028
0.1867578125,12.0265189243028
0.186796875,-1.97348107569724
0.1868359375,-15.9734810756972
0.186875,-28.9734810756972
0.1869140625,-41.9734810756972
0.186953125,-54.9734810756972
0.1869921875,-63.9734810756972
0.18703125,-70.9734810756972
0.1870703125,-77.9734810756972
0.187109375,-81.9734810756972
0.1871484375,-84.9734810756972
0.1871875,-87.9734810756972
0.1872265625,-87.9734810756972
0.187265625,-87.9734810756972
0.1873046875,-85.9734810756972
0.18734375,-81.9734810756972
0.1873828125,-76.9734810756972
0.187421875,-66.9734810756972
0.1874609375,-56.9734810756972
0.1875,-48.9734810756972
0.1875390625,-41.9734810756972
0.187578125,-34.9734810756972
0.1876171875,-28.9734810756972
0.18765625,-19.9734810756972
0.1876953125,-8.97348107569724
0.187734375,0.0265189243027635
0.1877734375,11.0265189243028
0.1878125,20.0265189243028
0.1878515625,28.0265189243028
0.187890625,34.0265189243028
0.1879296875,40.0265189243028
0.18796875,47.0265189243028
0.1880078125,53.0265189243028
0.188046875,57.0265189243028
0.1880859375,60.0265189243028
0.188125,61.0265189243028
0.1881640625,61.0265189243028
0.188203125,58.0265189243028
0.1882421875,55.0265189243028
0.18828125,51.0265189243028
0.1883203125,45.0265189243028
0.188359375,41.0265189243028
0.1883984375,36.0265189243028
0.1884375,30.0265189243028
0.1884765625,24.0265189243028
0.188515625,17.0265189243028
0.1885546875,10.0265189243028
0.18859375,3.02651892430276
0.1886328125,-2.97348107569724
0.188671875,-5.97348107569724
0.1887109375,-9.97348107569724
0.18875,-10.9734810756972
0.1887890625,-12.9734810756972
0.188828125,-15.9734810756972
0.1888671875,-18.9734810756972
0.18890625,-22.9734810756972
0.1889453125,-24.9734810756972
0.188984375,-25.9734810756972
0.1890234375,-25.9734810756972
0.1890625,-25.9734810756972
0.1891015625,-24.9734810756972
0.189140625,-24.9734810756972
0.1891796875,-27.9734810756972
0.18921875,-28.9734810756972
0.1892578125,-28.9734810756972
0.189296875,-27.9734810756972
0.1893359375,-22.9734810756972
0.189375,-16.9734810756972
0.1894140625,-11.9734810756972
0.189453125,-7.97348107569724
0.1894921875,-4.97348107569724
0.18953125,-1.97348107569724
0.1895703125,0.0265189243027635
0.189609375,2.02651892430276
0.1896484375,5.02651892430276
0.1896875,7.02651892430276
0.1897265625,10.0265189243028
0.189765625,11.0265189243028
0.1898046875,14.0265189243028
0.18984375,16.0265189243028
0.1898828125,15.0265189243028
0.189921875,15.0265189243028
0.1899609375,16.0265189243028
0.19,18.0265189243028
0.1900390625,22.0265189243028
0.190078125,24.0265189243028
0.1901171875,28.0265189243028
0.19015625,29.0265189243028
0.1901953125,29.0265189243028
0.190234375,29.0265189243028
0.1902734375,28.0265189243028
0.1903125,28.0265189243028
0.1903515625,25.0265189243028
0.190390625,22.0265189243028
0.1904296875,15.0265189243028
0.19046875,6.02651892430276
0.1905078125,0.0265189243027635
0.190546875,-6.97348107569724
0.1905859375,-12.9734810756972
0.190625,-16.9734810756972
0.1906640625,-19.9734810756972
0.190703125,-24.9734810756972
0.1907421875,-27.9734810756972
0.19078125,-31.9734810756972
0.1908203125,-34.9734810756972
0.190859375,-37.9734810756972
0.1908984375,-41.9734810756972
0.1909375,-42.9734810756972
0.1909765625,-40.9734810756972
0.191015625,-40.9734810756972
0.1910546875,-39.9734810756972
0.19109375,-37.9734810756972
0.1911328125,-35.9734810756972
0.191171875,-32.9734810756972
0.1912109375,-27.9734810756972
0.19125,-21.9734810756972
0.1912890625,-16.9734810756972
0.191328125,-10.9734810756972
0.1913671875,-6.97348107569724
0.19140625,-0.973481075697237
0.1914453125,4.02651892430276
0.191484375,8.02651892430276
0.1915234375,12.0265189243028
0.1915625,17.0265189243028
0.1916015625,22.0265189243028
0.191640625,26.0265189243028
0.1916796875,31.0265189243028
0.19171875,36.0265189243028
0.1917578125,39.0265189243028
0.191796875,41.0265189243028
0.1918359375,44.0265189243028
0.191875,45.0265189243028
0.1919140625,46.0265189243028
0.191953125,46.0265189243028
0.1919921875,45.0265189243028
0.19203125,42.0265189243028
0.1920703125,37.0265189243028
0.192109375,31.0265189243028
0.1921484375,25.0265189243028
0.1921875,20.0265189243028
0.1922265625,14.0265189243028
0.192265625,10.0265189243028
0.1923046875,7.02651892430276
0.19234375,3.02651892430276
0.1923828125,0.0265189243027635
0.192421875,-5.97348107569724
0.1924609375,-10.9734810756972
0.1925,-15.9734810756972
0.1925390625,-20.9734810756972
0.192578125,-23.9734810756972
0.1926171875,-25.9734810756972
0.19265625,-28.9734810756972
0.1926953125,-29.9734810756972
0.192734375,-30.9734810756972
0.1927734375,-32.9734810756972
0.1928125,-33.9734810756972
0.1928515625,-33.9734810756972
0.192890625,-31.9734810756972
0.1929296875,-27.9734810756972
0.19296875,-22.9734810756972
0.1930078125,-17.9734810756972
0.193046875,-11.9734810756972
0.1930859375,-8.97348107569724
0.193125,-6.97348107569724
0.1931640625,-4.97348107569724
0.193203125,-0.973481075697237
0.1932421875,4.02651892430276
0.19328125,6.02651892430276
0.1933203125,7.02651892430276
0.193359375,7.02651892430276
0.1933984375,6.02651892430276
0.1934375,5.02651892430276
0.1934765625,5.02651892430276
0.193515625,5.02651892430276
0.1935546875,5.02651892430276
0.19359375,4.02651892430276
0.1936328125,4.02651892430276
0.193671875,4.02651892430276
0.1937109375,5.02651892430276
0.19375,5.02651892430276
0.1937890625,7.02651892430276
0.193828125,10.0265189243028
0.1938671875,12.0265189243028
0.19390625,14.0265189243028
0.1939453125,16.0265189243028
0.193984375,15.0265189243028
0.1940234375,14.0265189243028
0.1940625,11.0265189243028
0.1941015625,7.02651892430276
0.194140625,4.02651892430276
0.1941796875,2.02651892430276
0.19421875,1.02651892430276
0.1942578125,1.02651892430276
0.194296875,2.02651892430276
0.1943359375,2.02651892430276
0.194375,2.02651892430276
0.1944140625,1.02651892430276
0.194453125,-1.97348107569724
0.1944921875,-2.97348107569724
0.19453125,-4.97348107569724
0.1945703125,-5.97348107569724
0.194609375,-7.97348107569724
0.1946484375,-10.9734810756972
0.1946875,-13.9734810756972
0.1947265625,-15.9734810756972
0.194765625,-17.9734810756972
0.1948046875,-17.9734810756972
0.19484375,-18.9734810756972
0.1948828125,-18.9734810756972
0.194921875,-17.9734810756972
0.1949609375,-16.9734810756972
0.195,-15.9734810756972
0.1950390625,-13.9734810756972
0.195078125,-12.9734810756972
0.1951171875,-9.97348107569724
0.19515625,-7.97348107569724
0.1951953125,-2.97348107569724
0.195234375,3.02651892430276
0.1952734375,6.02651892430276
0.1953125,10.0265189243028
0.1953515625,13.0265189243028
0.195390625,14.0265189243028
0.1954296875,17.0265189243028
0.19546875,19.0265189243028
0.1955078125,23.0265189243028
0.195546875,28.0265189243028
0.1955859375,32.0265189243028
0.195625,36.0265189243028
0.1956640625,38.0265189243028
0.195703125,38.0265189243028
0.1957421875,37.0265189243028
0.19578125,35.0265189243028
0.1958203125,33.0265189243028
0.195859375,30.0265189243028
0.1958984375,27.0265189243028
0.1959375,23.0265189243028
0.1959765625,17.0265189243028
0.196015625,10.0265189243028
0.1960546875,4.02651892430276
0.19609375,-3.97348107569724
0.1961328125,-6.97348107569724
0.196171875,-11.9734810756972
0.1962109375,-16.9734810756972
0.19625,-21.9734810756972
0.1962890625,-26.9734810756972
0.196328125,-32.9734810756972
0.1963671875,-36.9734810756972
0.19640625,-41.9734810756972
0.1964453125,-44.9734810756972
0.196484375,-46.9734810756972
0.1965234375,-47.9734810756972
0.1965625,-46.9734810756972
0.1966015625,-44.9734810756972
0.196640625,-41.9734810756972
0.1966796875,-38.9734810756972
0.19671875,-31.9734810756972
0.1967578125,-25.9734810756972
0.196796875,-18.9734810756972
0.1968359375,-10.9734810756972
0.196875,-3.97348107569724
0.1969140625,2.02651892430276
0.196953125,6.02651892430276
0.1969921875,9.02651892430276
0.19703125,11.0265189243028
0.1970703125,14.0265189243028
0.197109375,17.0265189243028
0.1971484375,21.0265189243028
0.1971875,26.0265189243028
0.1972265625,31.0265189243028
0.197265625,36.0265189243028
0.1973046875,40.0265189243028
0.19734375,42.0265189243028
0.1973828125,43.0265189243028
0.197421875,41.0265189243028
0.1974609375,38.0265189243028
0.1975,35.0265189243028
0.1975390625,31.0265189243028
0.197578125,26.0265189243028
0.1976171875,21.0265189243028
0.19765625,14.0265189243028
0.1976953125,7.02651892430276
0.197734375,0.0265189243027635
0.1977734375,-6.97348107569724
0.1978125,-9.97348107569724
0.1978515625,-13.9734810756972
0.197890625,-17.9734810756972
0.1979296875,-22.9734810756972
0.19796875,-28.9734810756972
0.1980078125,-32.9734810756972
0.198046875,-35.9734810756972
0.1980859375,-35.9734810756972
0.198125,-33.9734810756972
0.1981640625,-32.9734810756972
0.198203125,-30.9734810756972
0.1982421875,-27.9734810756972
0.19828125,-25.9734810756972
0.1983203125,-23.9734810756972
0.198359375,-19.9734810756972
0.1983984375,-15.9734810756972
0.1984375,-9.97348107569724
0.1984765625,-4.97348107569724
0.198515625,2.02651892430276
0.1985546875,8.02651892430276
0.19859375,13.0265189243028
0.1986328125,17.0265189243028
0.198671875,20.0265189243028
0.1987109375,23.0265189243028
0.19875,25.0265189243028
0.1987890625,29.0265189243028
0.198828125,31.0265189243028
0.1988671875,32.0265189243028
0.19890625,31.0265189243028
0.1989453125,29.0265189243028
0.198984375,28.0265189243028
0.1990234375,24.0265189243028
0.1990625,22.0265189243028
0.1991015625,21.0265189243028
0.199140625,17.0265189243028
0.1991796875,12.0265189243028
0.19921875,7.02651892430276
0.1992578125,3.02651892430276
0.199296875,4.02651892430276
0.1993359375,8.02651892430276
0.199375,11.0265189243028
0.1994140625,11.0265189243028
0.199453125,9.02651892430276
0.1994921875,4.02651892430276
0.19953125,-5.97348107569724
0.1995703125,-16.9734810756972
0.199609375,-26.9734810756972
0.1996484375,-32.9734810756972
0.1996875,-34.9734810756972
0.1997265625,-33.9734810756972
0.199765625,-32.9734810756972
0.1998046875,-31.9734810756972
0.19984375,-29.9734810756972
0.1998828125,-28.9734810756972
0.199921875,-27.9734810756972
0.1999609375,-27.9734810756972
0.2,-26.9734810756972
0.2000390625,-27.9734810756972
0.200078125,-29.9734810756972
0.2001171875,-29.9734810756972
0.20015625,-26.9734810756972
0.2001953125,-21.9734810756972
0.200234375,-14.9734810756972
0.2002734375,-9.97348107569724
0.2003125,-3.97348107569724
0.2003515625,1.02651892430276
0.200390625,6.02651892430276
0.2004296875,11.0265189243028
0.20046875,16.0265189243028
0.2005078125,21.0265189243028
0.200546875,22.0265189243028
0.2005859375,22.0265189243028
0.200625,21.0265189243028
0.2006640625,21.0265189243028
0.200703125,25.0265189243028
0.2007421875,29.0265189243028
0.20078125,32.0265189243028
0.2008203125,36.0265189243028
0.200859375,38.0265189243028
0.2008984375,39.0265189243028
0.2009375,38.0265189243028
0.2009765625,36.0265189243028
0.201015625,35.0265189243028
0.2010546875,33.0265189243028
0.20109375,32.0265189243028
0.2011328125,30.0265189243028
0.201171875,28.0265189243028
0.2012109375,25.0265189243028
0.20125,20.0265189243028
0.2012890625,17.0265189243028
0.201328125,11.0265189243028
0.2013671875,5.02651892430276
0.20140625,-1.97348107569724
0.2014453125,-9.97348107569724
0.201484375,-20.9734810756972
0.2015234375,-29.9734810756972
0.2015625,-38.9734810756972
0.2016015625,-48.9734810756972
0.201640625,-55.9734810756972
0.2016796875,-58.9734810756972
0.20171875,-59.9734810756972
0.2017578125,-59.9734810756972
0.201796875,-57.9734810756972
0.2018359375,-52.9734810756972
0.201875,-49.9734810756972
0.2019140625,-45.9734810756972
0.201953125,-42.9734810756972
0.2019921875,-37.9734810756972
0.20203125,-31.9734810756972
0.2020703125,-25.9734810756972
0.202109375,-17.9734810756972
0.2021484375,-9.97348107569724
0.2021875,-1.97348107569724
0.2022265625,6.02651892430276
0.202265625,14.0265189243028
0.2023046875,22.0265189243028
0.20234375,32.0265189243028
0.2023828125,40.0265189243028
0.202421875,47.0265189243028
0.2024609375,54.0265189243028
0.2025,59.0265189243028
0.2025390625,60.0265189243028
0.202578125,59.0265189243028
0.2026171875,52.0265189243028
0.20265625,46.0265189243028
0.2026953125,40.0265189243028
0.202734375,36.0265189243028
0.2027734375,34.0265189243028
0.2028125,36.0265189243028
0.2028515625,36.0265189243028
0.202890625,38.0265189243028
0.2029296875,40.0265189243028
0.20296875,38.0265189243028
0.2030078125,32.0265189243028
0.203046875,23.0265189243028
0.2030859375,14.0265189243028
0.203125,5.02651892430276
0.2031640625,-3.97348107569724
0.203203125,-14.9734810756972
0.2032421875,-27.9734810756972
0.20328125,-37.9734810756972
0.2033203125,-43.9734810756972
0.203359375,-49.9734810756972
0.2033984375,-54.9734810756972
0.2034375,-58.9734810756972
0.2034765625,-59.9734810756972
0.203515625,-60.9734810756972
0.2035546875,-64.9734810756972
0.20359375,-65.9734810756972
0.2036328125,-67.9734810756972
0.203671875,-67.9734810756972
0.2037109375,-66.9734810756972
0.20375,-62.9734810756972
0.2037890625,-57.9734810756972
0.203828125,-51.9734810756972
0.2038671875,-44.9734810756972
0.20390625,-33.9734810756972
0.2039453125,-20.9734810756972
0.203984375,-5.97348107569724
0.2040234375,9.02651892430276
0.2040625,24.0265189243028
0.2041015625,38.0265189243028
0.204140625,50.0265189243028
0.2041796875,58.0265189243028
0.20421875,64.0265189243028
0.2042578125,67.0265189243028
0.204296875,70.0265189243028
0.2043359375,73.0265189243028
0.204375,75.0265189243028
0.2044140625,73.0265189243028
0.204453125,71.0265189243028
0.2044921875,67.0265189243028
0.20453125,62.0265189243028
0.2045703125,57.0265189243028
0.204609375,51.0265189243028
0.2046484375,45.0265189243028
0.2046875,36.0265189243028
0.2047265625,26.0265189243028
0.204765625,17.0265189243028
0.2048046875,8.02651892430276
0.20484375,-1.97348107569724
0.2048828125,-12.9734810756972
0.204921875,-21.9734810756972
0.2049609375,-30.9734810756972
0.205,-39.9734810756972
0.2050390625,-46.9734810756972
0.205078125,-53.9734810756972
0.2051171875,-59.9734810756972
0.20515625,-64.9734810756972
0.2051953125,-67.9734810756972
0.205234375,-69.9734810756972
0.2052734375,-69.9734810756972
0.2053125,-67.9734810756972
0.2053515625,-65.9734810756972
0.205390625,-61.9734810756972
0.2054296875,-60.9734810756972
0.20546875,-55.9734810756972
0.2055078125,-49.9734810756972
0.205546875,-40.9734810756972
0.2055859375,-31.9734810756972
0.205625,-19.9734810756972
0.2056640625,-7.97348107569724
0.205703125,2.02651892430276
0.2057421875,13.0265189243028
0.20578125,22.0265189243028
0.2058203125,31.0265189243028
0.205859375,38.0265189243028
0.2058984375,46.0265189243028
0.2059375,53.0265189243028
0.2059765625,59.0265189243028
0.206015625,65.0265189243028
0.2060546875,69.0265189243028
0.20609375,71.0265189243028
0.2061328125,72.0265189243028
0.206171875,72.0265189243028
0.2062109375,73.0265189243028
0.20625,72.0265189243028
0.2062890625,70.0265189243028
0.206328125,66.0265189243028
0.2063671875,60.0265189243028
0.20640625,50.0265189243028
0.2064453125,41.0265189243028
0.206484375,29.0265189243028
0.2065234375,16.0265189243028
0.2065625,3.02651892430276
0.2066015625,-9.97348107569724
0.206640625,-21.9734810756972
0.2066796875,-32.9734810756972
0.20671875,-42.9734810756972
0.2067578125,-51.9734810756972
0.206796875,-58.9734810756972
0.2068359375,-65.9734810756972
0.206875,-69.9734810756972
0.2069140625,-70.9734810756972
0.206953125,-71.9734810756972
0.2069921875,-69.9734810756972
0.20703125,-66.9734810756972
0.2070703125,-63.9734810756972
0.207109375,-58.9734810756972
0.2071484375,-55.9734810756972
0.2071875,-52.9734810756972
0.2072265625,-45.9734810756972
0.207265625,-38.9734810756972
0.2073046875,-29.9734810756972
0.20734375,-21.9734810756972
0.2073828125,-11.9734810756972
0.207421875,-2.97348107569724
0.2074609375,6.02651892430276
0.2075,15.0265189243028
0.2075390625,23.0265189243028
0.207578125,32.0265189243028
0.2076171875,37.0265189243028
0.20765625,43.0265189243028
0.2076953125,47.0265189243028
0.207734375,49.0265189243028
0.2077734375,49.0265189243028
0.2078125,47.0265189243028
0.2078515625,46.0265189243028
0.207890625,44.0265189243028
0.2079296875,42.0265189243028
0.20796875,40.0265189243028
0.2080078125,36.0265189243028
0.208046875,31.0265189243028
0.2080859375,26.0265189243028
0.208125,20.0265189243028
0.2081640625,14.0265189243028
0.208203125,11.0265189243028
0.2082421875,8.02651892430276
0.20828125,4.02651892430276
0.2083203125,1.02651892430276
0.208359375,-1.97348107569724
0.2083984375,-5.97348107569724
0.2084375,-9.97348107569724
0.2084765625,-13.9734810756972
0.208515625,-15.9734810756972
0.2085546875,-15.9734810756972
0.20859375,-16.9734810756972
0.2086328125,-18.9734810756972
0.208671875,-19.9734810756972
0.2087109375,-22.9734810756972
0.20875,-24.9734810756972
0.2087890625,-23.9734810756972
0.208828125,-23.9734810756972
0.2088671875,-23.9734810756972
0.20890625,-20.9734810756972
0.2089453125,-18.9734810756972
0.208984375,-15.9734810756972
0.2090234375,-13.9734810756972
0.2090625,-10.9734810756972
0.2091015625,-8.97348107569724
0.209140625,-5.97348107569724
0.2091796875,-2.97348107569724
0.20921875,0.0265189243027635
0.2092578125,3.02651892430276
0.209296875,5.02651892430276
0.2093359375,6.02651892430276
0.209375,6.02651892430276
0.2094140625,6.02651892430276
0.209453125,6.02651892430276
0.2094921875,6.02651892430276
0.20953125,7.02651892430276
0.2095703125,8.02651892430276
0.209609375,11.0265189243028
0.2096484375,13.0265189243028
0.2096875,13.0265189243028
0.2097265625,14.0265189243028
0.209765625,14.0265189243028
0.2098046875,15.0265189243028
0.20984375,17.0265189243028
0.2098828125,18.0265189243028
0.209921875,17.0265189243028
0.2099609375,16.0265189243028
0.21,13.0265189243028
0.2100390625,6.02651892430276
0.210078125,2.02651892430276
0.2101171875,-3.97348107569724
0.21015625,-7.97348107569724
0.2101953125,-11.9734810756972
0.210234375,-11.9734810756972
0.2102734375,-13.9734810756972
0.2103125,-13.9734810756972
0.2103515625,-14.9734810756972
0.210390625,-15.9734810756972
0.2104296875,-13.9734810756972
0.21046875,-12.9734810756972
0.2105078125,-11.9734810756972
0.210546875,-10.9734810756972
0.2105859375,-10.9734810756972
0.210625,-10.9734810756972
0.2106640625,-11.9734810756972
0.210703125,-14.9734810756972
0.2107421875,-15.9734810756972
0.21078125,-15.9734810756972
0.2108203125,-13.9734810756972
0.210859375,-12.9734810756972
0.2108984375,-9.97348107569724
0.2109375,-6.97348107569724
0.2109765625,-5.97348107569724
0.211015625,-3.97348107569724
0.2110546875,-0.973481075697237
0.21109375,2.02651892430276
0.2111328125,6.02651892430276
0.211171875,11.0265189243028
0.2112109375,16.0265189243028
0.21125,20.0265189243028
0.2112890625,23.0265189243028
0.211328125,24.0265189243028
0.2113671875,24.0265189243028
0.21140625,23.0265189243028
0.2114453125,22.0265189243028
0.211484375,22.0265189243028
0.2115234375,21.0265189243028
0.2115625,19.0265189243028
0.2116015625,17.0265189243028
0.211640625,13.0265189243028
0.2116796875,10.0265189243028
0.21171875,6.02651892430276
0.2117578125,4.02651892430276
0.211796875,2.02651892430276
0.2118359375,2.02651892430276
0.211875,2.02651892430276
0.2119140625,4.02651892430276
0.211953125,3.02651892430276
0.2119921875,2.02651892430276
0.21203125,0.0265189243027635
0.2120703125,-0.973481075697237
0.212109375,-3.97348107569724
0.2121484375,-5.97348107569724
0.2121875,-6.97348107569724
0.2122265625,-8.97348107569724
0.212265625,-10.9734810756972
0.2123046875,-11.9734810756972
0.21234375,-14.9734810756972
0.2123828125,-18.9734810756972
0.212421875,-20.9734810756972
0.2124609375,-18.9734810756972
0.2125,-16.9734810756972
0.2125390625,-13.9734810756972
0.212578125,-11.9734810756972
0.2126171875,-10.9734810756972
0.21265625,-8.97348107569724
0.2126953125,-6.97348107569724
0.212734375,-4.97348107569724
0.2127734375,-1.97348107569724
0.2128125,0.0265189243027635
0.2128515625,3.02651892430276
0.212890625,4.02651892430276
0.2129296875,4.02651892430276
0.21296875,3.02651892430276
0.2130078125,1.02651892430276
0.213046875,0.0265189243027635
0.2130859375,-0.973481075697237
0.213125,1.02651892430276
0.2131640625,1.02651892430276
0.213203125,0.0265189243027635
0.2132421875,0.0265189243027635
0.21328125,-0.973481075697237
0.2133203125,-1.97348107569724
0.213359375,-0.973481075697237
0.2133984375,-0.973481075697237
0.2134375,0.0265189243027635
0.2134765625,3.02651892430276
0.213515625,4.02651892430276
0.2135546875,3.02651892430276
0.21359375,3.02651892430276
0.2136328125,3.02651892430276
0.213671875,2.02651892430276
0.2137109375,3.02651892430276
0.21375,6.02651892430276
0.2137890625,8.02651892430276
0.213828125,10.0265189243028
0.2138671875,11.0265189243028
0.21390625,9.02651892430276
0.2139453125,8.02651892430276
0.213984375,6.02651892430276
0.2140234375,4.02651892430276
0.2140625,4.02651892430276
0.2141015625,3.02651892430276
0.214140625,3.02651892430276
0.2141796875,4.02651892430276
0.21421875,2.02651892430276
0.2142578125,0.0265189243027635
0.214296875,-1.97348107569724
0.2143359375,-4.97348107569724
0.214375,-7.97348107569724
0.2144140625,-8.97348107569724
0.214453125,-10.9734810756972
0.2144921875,-10.9734810756972
0.21453125,-11.9734810756972
0.2145703125,-12.9734810756972
0.214609375,-14.9734810756972
0.2146484375,-13.9734810756972
0.2146875,-11.9734810756972
0.2147265625,-9.97348107569724
0.214765625,-6.97348107569724
0.2148046875,-5.97348107569724
0.21484375,-5.97348107569724
0.2148828125,-5.97348107569724
0.214921875,-5.97348107569724
0.2149609375,-4.97348107569724
0.215,-4.97348107569724
0.2150390625,-1.97348107569724
0.215078125,1.02651892430276
0.2151171875,4.02651892430276
0.21515625,7.02651892430276
0.2151953125,8.02651892430276
0.215234375,11.0265189243028
0.2152734375,13.0265189243028
0.2153125,16.0265189243028
0.2153515625,19.0265189243028
0.215390625,23.0265189243028
0.2154296875,27.0265189243028
0.21546875,31.0265189243028
0.2155078125,33.0265189243028
0.215546875,31.0265189243028
0.2155859375,28.0265189243028
0.215625,23.0265189243028
0.2156640625,18.0265189243028
0.215703125,13.0265189243028
0.2157421875,6.02651892430276
0.21578125,-0.973481075697237
0.2158203125,-5.97348107569724
0.215859375,-10.9734810756972
0.2158984375,-12.9734810756972
0.2159375,-14.9734810756972
0.2159765625,-15.9734810756972
0.216015625,-15.9734810756972
0.2160546875,-16.9734810756972
0.21609375,-17.9734810756972
0.2161328125,-19.9734810756972
0.216171875,-20.9734810756972
0.2162109375,-22.9734810756972
0.21625,-23.9734810756972
0.2162890625,-25.9734810756972
0.216328125,-26.9734810756972
0.2163671875,-24.9734810756972
0.21640625,-23.9734810756972
0.2164453125,-18.9734810756972
0.216484375,-15.9734810756972
0.2165234375,-12.9734810756972
0.2165625,-10.9734810756972
0.2166015625,-8.97348107569724
0.216640625,-5.97348107569724
0.2166796875,1.02651892430276
0.21671875,5.02651892430276
0.2167578125,9.02651892430276
0.216796875,11.0265189243028
0.2168359375,13.0265189243028
0.216875,14.0265189243028
0.2169140625,14.0265189243028
0.216953125,15.0265189243028
0.2169921875,18.0265189243028
0.21703125,19.0265189243028
0.2170703125,20.0265189243028
0.217109375,21.0265189243028
0.2171484375,22.0265189243028
0.2171875,21.0265189243028
0.2172265625,19.0265189243028
0.217265625,17.0265189243028
0.2173046875,15.0265189243028
0.21734375,13.0265189243028
0.2173828125,9.02651892430276
0.217421875,6.02651892430276
0.2174609375,1.02651892430276
0.2175,-1.97348107569724
0.2175390625,-6.97348107569724
0.217578125,-9.97348107569724
0.2176171875,-12.9734810756972
0.21765625,-15.9734810756972
0.2176953125,-15.9734810756972
0.217734375,-15.9734810756972
0.2177734375,-15.9734810756972
0.2178125,-15.9734810756972
0.2178515625,-15.9734810756972
0.217890625,-17.9734810756972
0.2179296875,-15.9734810756972
0.21796875,-11.9734810756972
0.2180078125,-7.97348107569724
0.218046875,-3.97348107569724
0.2180859375,-0.973481075697237
0.218125,2.02651892430276
0.2181640625,4.02651892430276
0.218203125,5.02651892430276
0.2182421875,6.02651892430276
0.21828125,6.02651892430276
0.2183203125,8.02651892430276
0.218359375,9.02651892430276
0.2183984375,10.0265189243028
0.2184375,12.0265189243028
0.2184765625,12.0265189243028
0.218515625,12.0265189243028
0.2185546875,11.0265189243028
0.21859375,10.0265189243028
0.2186328125,9.02651892430276
0.218671875,8.02651892430276
0.2187109375,9.02651892430276
0.21875,7.02651892430276
0.2187890625,5.02651892430276
0.218828125,3.02651892430276
0.2188671875,1.02651892430276
0.21890625,0.0265189243027635
0.2189453125,-1.97348107569724
0.218984375,-2.97348107569724
0.2190234375,-2.97348107569724
0.2190625,-2.97348107569724
0.2191015625,-2.97348107569724
0.219140625,-4.97348107569724
0.2191796875,-5.97348107569724
0.21921875,-5.97348107569724
0.2192578125,-4.97348107569724
0.219296875,-5.97348107569724
0.2193359375,-3.97348107569724
0.219375,-4.97348107569724
0.2194140625,-6.97348107569724
0.219453125,-7.97348107569724
0.2194921875,-8.97348107569724
0.21953125,-9.97348107569724
0.2195703125,-7.97348107569724
0.219609375,-5.97348107569724
0.2196484375,-3.97348107569724
0.2196875,-0.973481075697237
0.2197265625,1.02651892430276
0.219765625,2.02651892430276
0.2198046875,3.02651892430276
0.21984375,4.02651892430276
0.2198828125,3.02651892430276
0.219921875,5.02651892430276
0.2199609375,4.02651892430276
0.22,3.02651892430276
0.2200390625,1.02651892430276
0.220078125,-1.97348107569724
0.2201171875,-7.97348107569724
0.22015625,-9.97348107569724
0.2201953125,-9.97348107569724
0.220234375,-5.97348107569724
0.2202734375,1.02651892430276
0.2203125,7.02651892430276
0.2203515625,10.0265189243028
0.220390625,11.0265189243028
0.2204296875,13.0265189243028
0.22046875,11.0265189243028
0.2205078125,10.0265189243028
0.220546875,7.02651892430276
0.2205859375,0.0265189243027635
0.220625,-4.97348107569724
0.2206640625,-9.97348107569724
0.220703125,-11.9734810756972
0.2207421875,-11.9734810756972
0.22078125,-10.9734810756972
0.2208203125,-8.97348107569724
0.220859375,-5.97348107569724
0.2208984375,-2.97348107569724
0.2209375,1.02651892430276
0.2209765625,2.02651892430276
0.221015625,3.02651892430276
0.2210546875,3.02651892430276
0.22109375,2.02651892430276
0.2211328125,-0.973481075697237
0.221171875,-2.97348107569724
0.2212109375,-4.97348107569724
0.22125,-5.97348107569724
0.2212890625,-6.97348107569724
0.221328125,-6.97348107569724
0.2213671875,-4.97348107569724
0.22140625,-2.97348107569724
0.2214453125,0.0265189243027635
0.221484375,4.02651892430276
0.2215234375,9.02651892430276
0.2215625,12.0265189243028
0.2216015625,14.0265189243028
0.221640625,14.0265189243028
0.2216796875,13.0265189243028
0.22171875,10.0265189243028
0.2217578125,6.02651892430276
0.221796875,3.02651892430276
0.2218359375,0.0265189243027635
0.221875,-0.973481075697237
0.2219140625,0.0265189243027635
0.221953125,3.02651892430276
0.2219921875,5.02651892430276
0.22203125,9.02651892430276
0.2220703125,10.0265189243028
0.222109375,10.0265189243028
0.2221484375,9.02651892430276
0.2221875,8.02651892430276
0.2222265625,8.02651892430276
0.222265625,7.02651892430276
0.2223046875,6.02651892430276
0.22234375,2.02651892430276
0.2223828125,-0.973481075697237
0.222421875,-3.97348107569724
0.2224609375,-8.97348107569724
0.2225,-10.9734810756972
0.2225390625,-13.9734810756972
0.222578125,-16.9734810756972
0.2226171875,-17.9734810756972
0.22265625,-20.9734810756972
0.2226953125,-21.9734810756972
0.222734375,-21.9734810756972
0.2227734375,-20.9734810756972
0.2228125,-19.9734810756972
0.2228515625,-17.9734810756972
0.222890625,-12.9734810756972
0.2229296875,-10.9734810756972
0.22296875,-5.97348107569724
0.2230078125,-3.97348107569724
0.223046875,-3.97348107569724
0.2230859375,-2.97348107569724
0.223125,-2.97348107569724
0.2231640625,-3.97348107569724
0.223203125,-2.97348107569724
0.2232421875,-1.97348107569724
0.22328125,0.0265189243027635
0.2233203125,2.02651892430276
0.223359375,4.02651892430276
0.2233984375,5.02651892430276
0.2234375,9.02651892430276
0.2234765625,12.0265189243028
0.223515625,16.0265189243028
0.2235546875,20.0265189243028
0.22359375,23.0265189243028
0.2236328125,24.0265189243028
0.223671875,23.0265189243028
0.2237109375,22.0265189243028
0.22375,20.0265189243028
0.2237890625,18.0265189243028
0.223828125,18.0265189243028
0.2238671875,18.0265189243028
0.22390625,18.0265189243028
0.2239453125,17.0265189243028
0.223984375,16.0265189243028
0.2240234375,14.0265189243028
0.2240625,12.0265189243028
0.2241015625,10.0265189243028
0.224140625,9.02651892430276
0.2241796875,9.02651892430276
0.22421875,6.02651892430276
0.2242578125,5.02651892430276
0.224296875,0.0265189243027635
0.2243359375,-1.97348107569724
0.224375,-4.97348107569724
0.2244140625,-6.97348107569724
0.224453125,-7.97348107569724
0.2244921875,-9.97348107569724
0.22453125,-10.9734810756972
0.2245703125,-12.9734810756972
0.224609375,-14.9734810756972
0.2246484375,-17.9734810756972
0.2246875,-20.9734810756972
0.2247265625,-20.9734810756972
0.224765625,-20.9734810756972
0.2248046875,-22.9734810756972
0.22484375,-25.9734810756972
0.2248828125,-28.9734810756972
0.224921875,-31.9734810756972
0.2249609375,-35.9734810756972
0.225,-38.9734810756972
0.2250390625,-34.9734810756972
0.225078125,-24.9734810756972
0.2251171875,-11.9734810756972
0.22515625,4.02651892430276
0.2251953125,20.0265189243028
0.225234375,33.0265189243028
0.2252734375,42.0265189243028
0.2253125,48.0265189243028
0.2253515625,49.0265189243028
0.225390625,45.0265189243028
0.2254296875,34.0265189243028
0.22546875,23.0265189243028
0.2255078125,10.0265189243028
0.225546875,-0.973481075697237
0.2255859375,-9.97348107569724
0.225625,-16.9734810756972
0.2256640625,-20.9734810756972
0.225703125,-20.9734810756972
0.2257421875,-17.9734810756972
0.22578125,-14.9734810756972
0.2258203125,-7.97348107569724
0.225859375,-3.97348107569724
0.2258984375,-2.97348107569724
0.2259375,-1.97348107569724
0.2259765625,-3.97348107569724
0.226015625,-6.97348107569724
0.2260546875,-10.9734810756972
0.22609375,-14.9734810756972
0.2261328125,-16.9734810756972
0.226171875,-16.9734810756972
0.2262109375,-15.9734810756972
0.22625,-14.9734810756972
0.2262890625,-13.9734810756972
0.226328125,-12.9734810756972
0.2263671875,-11.9734810756972
0.22640625,-10.9734810756972
0.2264453125,-7.97348107569724
0.226484375,-4.97348107569724
0.2265234375,-1.97348107569724
0.2265625,2.02651892430276
0.2266015625,8.02651892430276
0.226640625,13.0265189243028
0.2266796875,16.0265189243028
0.22671875,19.0265189243028
0.2267578125,22.0265189243028
0.226796875,22.0265189243028
0.2268359375,20.0265189243028
0.226875,19.0265189243028
0.2269140625,15.0265189243028
0.226953125,9.02651892430276
0.2269921875,3.02651892430276
0.22703125,-0.973481075697237
0.2270703125,-1.97348107569724
0.227109375,-2.97348107569724
0.2271484375,0.0265189243027635
0.2271875,3.02651892430276
0.2272265625,8.02651892430276
0.227265625,13.0265189243028
0.2273046875,18.0265189243028
0.22734375,21.0265189243028
0.2273828125,23.0265189243028
0.227421875,26.0265189243028
0.2274609375,27.0265189243028
0.2275,26.0265189243028
0.2275390625,25.0265189243028
0.227578125,21.0265189243028
0.2276171875,15.0265189243028
0.22765625,10.0265189243028
0.2276953125,5.02651892430276
0.227734375,1.02651892430276
0.2277734375,-0.973481075697237
0.2278125,-3.97348107569724
0.2278515625,-5.97348107569724
0.227890625,-7.97348107569724
0.2279296875,-11.9734810756972
0.22796875,-16.9734810756972
0.2280078125,-19.9734810756972
0.228046875,-23.9734810756972
0.2280859375,-24.9734810756972
0.228125,-23.9734810756972
0.2281640625,-23.9734810756972
0.228203125,-22.9734810756972
0.2282421875,-21.9734810756972
0.22828125,-19.9734810756972
0.2283203125,-17.9734810756972
0.228359375,-16.9734810756972
0.2283984375,-13.9734810756972
0.2284375,-13.9734810756972
0.2284765625,-10.9734810756972
0.228515625,-8.97348107569724
0.2285546875,-7.97348107569724
0.22859375,-7.97348107569724
0.2286328125,-6.97348107569724
0.228671875,-4.97348107569724
0.2287109375,-0.973481075697237
0.22875,3.02651892430276
0.2287890625,7.02651892430276
0.228828125,11.0265189243028
0.2288671875,14.0265189243028
0.22890625,14.0265189243028
0.2289453125,14.0265189243028
0.228984375,14.0265189243028
0.2290234375,12.0265189243028
0.2290625,11.0265189243028
0.2291015625,8.02651892430276
0.229140625,5.02651892430276
0.2291796875,3.02651892430276
0.22921875,-1.97348107569724
0.2292578125,-2.97348107569724
0.229296875,-4.97348107569724
0.2293359375,-5.97348107569724
0.229375,-5.97348107569724
0.2294140625,-4.97348107569724
0.229453125,-3.97348107569724
0.2294921875,-1.97348107569724
0.22953125,-0.973481075697237
0.2295703125,-1.97348107569724
0.229609375,-3.97348107569724
0.2296484375,-5.97348107569724
0.2296875,-6.97348107569724
0.2297265625,-4.97348107569724
0.229765625,-3.97348107569724
0.2298046875,-2.97348107569724
0.22984375,-1.97348107569724
0.2298828125,-1.97348107569724
0.229921875,-0.973481075697237
0.2299609375,0.0265189243027635
0.23,1.02651892430276
0.2300390625,1.02651892430276
0.230078125,2.02651892430276
0.2301171875,5.02651892430276
0.23015625,5.02651892430276
0.2301953125,7.02651892430276
0.230234375,9.02651892430276
0.2302734375,11.0265189243028
0.2303125,11.0265189243028
0.2303515625,13.0265189243028
0.230390625,14.0265189243028
0.2304296875,14.0265189243028
0.23046875,15.0265189243028
0.2305078125,15.0265189243028
0.230546875,14.0265189243028
0.2305859375,12.0265189243028
0.230625,9.02651892430276
0.2306640625,7.02651892430276
0.230703125,7.02651892430276
0.2307421875,8.02651892430276
0.23078125,9.02651892430276
0.2308203125,8.02651892430276
0.230859375,5.02651892430276
0.2308984375,2.02651892430276
0.2309375,1.02651892430276
0.2309765625,-0.973481075697237
0.231015625,-0.973481075697237
0.2310546875,-0.973481075697237
0.23109375,-1.97348107569724
0.2311328125,-2.97348107569724
0.231171875,-5.97348107569724
0.2312109375,-8.97348107569724
0.23125,-11.9734810756972
0.2312890625,-16.9734810756972
0.231328125,-18.9734810756972
0.2313671875,-19.9734810756972
0.23140625,-19.9734810756972
0.2314453125,-19.9734810756972
0.231484375,-19.9734810756972
0.2315234375,-18.9734810756972
0.2315625,-16.9734810756972
0.2316015625,-14.9734810756972
0.231640625,-10.9734810756972
0.2316796875,-6.97348107569724
0.23171875,-4.97348107569724
0.2317578125,-1.97348107569724
0.231796875,-1.97348107569724
0.2318359375,-1.97348107569724
0.231875,-2.97348107569724
0.2319140625,-1.97348107569724
0.231953125,-0.973481075697237
0.2319921875,2.02651892430276
0.23203125,8.02651892430276
0.2320703125,12.0265189243028
0.232109375,14.0265189243028
0.2321484375,13.0265189243028
0.2321875,12.0265189243028
0.2322265625,10.0265189243028
0.232265625,8.02651892430276
0.2323046875,6.02651892430276
0.23234375,6.02651892430276
0.2323828125,6.02651892430276
0.232421875,6.02651892430276
0.2324609375,6.02651892430276
0.2325,6.02651892430276
0.2325390625,5.02651892430276
0.232578125,5.02651892430276
0.2326171875,6.02651892430276
0.23265625,6.02651892430276
0.2326953125,6.02651892430276
0.232734375,5.02651892430276
0.2327734375,3.02651892430276
0.2328125,0.0265189243027635
0.2328515625,-4.97348107569724
0.232890625,-8.97348107569724
0.2329296875,-11.9734810756972
0.23296875,-12.9734810756972
0.2330078125,-12.9734810756972
0.233046875,-12.9734810756972
0.2330859375,-10.9734810756972
0.233125,-10.9734810756972
0.2331640625,-10.9734810756972
0.233203125,-9.97348107569724
0.2332421875,-7.97348107569724
0.23328125,-5.97348107569724
0.2333203125,-3.97348107569724
0.233359375,-2.97348107569724
0.2333984375,-0.973481075697237
0.2334375,-0.973481075697237
0.2334765625,-0.973481075697237
0.233515625,0.0265189243027635
0.2335546875,2.02651892430276
0.23359375,6.02651892430276
0.2336328125,10.0265189243028
0.233671875,13.0265189243028
0.2337109375,15.0265189243028
0.23375,18.0265189243028
0.2337890625,17.0265189243028
0.233828125,16.0265189243028
0.2338671875,14.0265189243028
0.23390625,12.0265189243028
0.2339453125,10.0265189243028
0.233984375,10.0265189243028
0.2340234375,10.0265189243028
0.2340625,8.02651892430276
0.2341015625,6.02651892430276
0.234140625,3.02651892430276
0.2341796875,1.02651892430276
0.23421875,-2.97348107569724
0.2342578125,-4.97348107569724
0.234296875,-4.97348107569724
0.2343359375,-5.97348107569724
0.234375,-6.97348107569724
0.2344140625,-6.97348107569724
0.234453125,-7.97348107569724
0.2344921875,-7.97348107569724
0.23453125,-6.97348107569724
0.2345703125,-4.97348107569724
0.234609375,-4.97348107569724
0.2346484375,-3.97348107569724
0.2346875,-1.97348107569724
0.2347265625,-1.97348107569724
0.234765625,-1.97348107569724
0.2348046875,-1.97348107569724
0.23484375,-1.97348107569724
0.2348828125,-0.973481075697237
0.234921875,1.02651892430276
0.2349609375,4.02651892430276
0.235,5.02651892430276
0.2350390625,6.02651892430276
0.235078125,6.02651892430276
0.2351171875,4.02651892430276
0.23515625,2.02651892430276
0.2351953125,2.02651892430276
0.235234375,1.02651892430276
0.2352734375,1.02651892430276
0.2353125,1.02651892430276
0.2353515625,0.0265189243027635
0.235390625,-0.973481075697237
0.2354296875,-3.97348107569724
0.23546875,-5.97348107569724
0.2355078125,-7.97348107569724
0.235546875,-8.97348107569724
0.2355859375,-8.97348107569724
0.235625,-8.97348107569724
0.2356640625,-7.97348107569724
0.235703125,-9.97348107569724
0.2357421875,-9.97348107569724
0.23578125,-8.97348107569724
0.2358203125,-7.97348107569724
0.235859375,-4.97348107569724
0.2358984375,-1.97348107569724
0.2359375,1.02651892430276
0.2359765625,4.02651892430276
0.236015625,8.02651892430276
0.2360546875,8.02651892430276
0.23609375,9.02651892430276
0.2361328125,9.02651892430276
0.236171875,8.02651892430276
0.2362109375,7.02651892430276
0.23625,8.02651892430276
0.2362890625,7.02651892430276
0.236328125,6.02651892430276
0.2363671875,3.02651892430276
0.23640625,1.02651892430276
0.2364453125,-2.97348107569724
0.236484375,-5.97348107569724
0.2365234375,-6.97348107569724
0.2365625,-3.97348107569724
0.2366015625,-2.97348107569724
0.236640625,-0.973481075697237
0.2366796875,0.0265189243027635
0.23671875,2.02651892430276
0.2367578125,1.02651892430276
0.236796875,2.02651892430276
0.2368359375,3.02651892430276
0.236875,3.02651892430276
0.2369140625,4.02651892430276
0.236953125,5.02651892430276
0.2369921875,3.02651892430276
0.23703125,3.02651892430276
0.2370703125,1.02651892430276
0.237109375,0.0265189243027635
0.2371484375,-1.97348107569724
0.2371875,-3.97348107569724
0.2372265625,-5.97348107569724
0.237265625,-6.97348107569724
0.2373046875,-7.97348107569724
0.23734375,-8.97348107569724
0.2373828125,-9.97348107569724
0.237421875,-10.9734810756972
0.2374609375,-11.9734810756972
0.2375,-8.97348107569724
0.2375390625,-5.97348107569724
0.237578125,-2.97348107569724
0.2376171875,1.02651892430276
0.23765625,3.02651892430276
0.2376953125,3.02651892430276
0.237734375,3.02651892430276
0.2377734375,2.02651892430276
0.2378125,1.02651892430276
0.2378515625,4.02651892430276
0.237890625,6.02651892430276
0.2379296875,7.02651892430276
0.23796875,9.02651892430276
0.2380078125,10.0265189243028
0.238046875,9.02651892430276
0.2380859375,10.0265189243028
0.238125,10.0265189243028
0.2381640625,10.0265189243028
0.238203125,12.0265189243028
0.2382421875,14.0265189243028
0.23828125,12.0265189243028
0.2383203125,10.0265189243028
0.238359375,7.02651892430276
0.2383984375,2.02651892430276
0.2384375,-2.97348107569724
0.2384765625,-6.97348107569724
0.238515625,-9.97348107569724
0.2385546875,-9.97348107569724
0.23859375,-10.9734810756972
0.2386328125,-10.9734810756972
0.238671875,-11.9734810756972
0.2387109375,-12.9734810756972
0.23875,-14.9734810756972
0.2387890625,-14.9734810756972
0.238828125,-15.9734810756972
0.2388671875,-17.9734810756972
0.23890625,-17.9734810756972
0.2389453125,-15.9734810756972
0.238984375,-13.9734810756972
0.2390234375,-11.9734810756972
0.2390625,-7.97348107569724
0.2391015625,-4.97348107569724
0.239140625,-1.97348107569724
0.2391796875,3.02651892430276
0.23921875,7.02651892430276
0.2392578125,12.0265189243028
0.239296875,14.0265189243028
0.2393359375,14.0265189243028
0.239375,12.0265189243028
0.2394140625,9.02651892430276
0.239453125,9.02651892430276
0.2394921875,10.0265189243028
0.23953125,12.0265189243028
0.2395703125,14.0265189243028
0.239609375,18.0265189243028
0.2396484375,19.0265189243028
0.2396875,19.0265189243028
0.2397265625,19.0265189243028
0.239765625,18.0265189243028
0.2398046875,18.0265189243028
0.23984375,19.0265189243028
0.2398828125,18.0265189243028
0.239921875,15.0265189243028
0.2399609375,12.0265189243028
0.24,8.02651892430276
0.2400390625,2.02651892430276
0.240078125,-0.973481075697237
0.2401171875,-4.97348107569724
0.24015625,-7.97348107569724
0.2401953125,-8.97348107569724
0.240234375,-11.9734810756972
0.2402734375,-14.9734810756972
0.2403125,-16.9734810756972
0.2403515625,-19.9734810756972
0.240390625,-19.9734810756972
0.2404296875,-18.9734810756972
0.24046875,-17.9734810756972
0.2405078125,-15.9734810756972
0.240546875,-13.9734810756972
0.2405859375,-11.9734810756972
0.240625,-7.97348107569724
0.2406640625,-3.97348107569724
0.240703125,-1.97348107569724
0.2407421875,1.02651892430276
0.24078125,4.02651892430276
0.2408203125,6.02651892430276
0.240859375,7.02651892430276
0.2408984375,8.02651892430276
0.2409375,8.02651892430276
0.2409765625,7.02651892430276
0.241015625,8.02651892430276
0.2410546875,8.02651892430276
0.24109375,8.02651892430276
0.2411328125,9.02651892430276
0.241171875,11.0265189243028
0.2412109375,12.0265189243028
0.24125,12.0265189243028
0.2412890625,11.0265189243028
0.241328125,7.02651892430276
0.2413671875,3.02651892430276
0.24140625,-0.973481075697237
0.2414453125,-6.97348107569724
0.241484375,-10.9734810756972
0.2415234375,-14.9734810756972
0.2415625,-19.9734810756972
0.2416015625,-23.9734810756972
0.241640625,-27.9734810756972
0.2416796875,-31.9734810756972
0.24171875,-30.9734810756972
0.2417578125,-30.9734810756972
0.241796875,-28.9734810756972
0.2418359375,-25.9734810756972
0.241875,-24.9734810756972
0.2419140625,-23.9734810756972
0.241953125,-21.9734810756972
0.2419921875,-20.9734810756972
0.24203125,-17.9734810756972
0.2420703125,-14.9734810756972
0.242109375,-9.97348107569724
0.2421484375,-3.97348107569724
0.2421875,2.02651892430276
0.2422265625,7.02651892430276
0.242265625,11.0265189243028
0.2423046875,15.0265189243028
0.24234375,20.0265189243028
0.2423828125,25.0265189243028
0.242421875,31.0265189243028
0.2424609375,35.0265189243028
0.2425,37.0265189243028
0.2425390625,38.0265189243028
0.242578125,37.0265189243028
0.2426171875,36.0265189243028
0.24265625,35.0265189243028
0.2426953125,34.0265189243028
0.242734375,32.0265189243028
0.2427734375,32.0265189243028
0.2428125,32.0265189243028
0.2428515625,31.0265189243028
0.242890625,30.0265189243028
0.2429296875,28.0265189243028
0.24296875,24.0265189243028
0.2430078125,19.0265189243028
0.243046875,13.0265189243028
0.2430859375,9.02651892430276
0.243125,3.02651892430276
0.2431640625,-2.97348107569724
0.243203125,-10.9734810756972
0.2432421875,-16.9734810756972
0.24328125,-20.9734810756972
0.2433203125,-24.9734810756972
0.243359375,-27.9734810756972
0.2433984375,-27.9734810756972
0.2434375,-27.9734810756972
0.2434765625,-26.9734810756972
0.243515625,-26.9734810756972
0.2435546875,-27.9734810756972
0.24359375,-29.9734810756972
0.2436328125,-29.9734810756972
0.243671875,-30.9734810756972
0.2437109375,-30.9734810756972
0.24375,-29.9734810756972
0.2437890625,-28.9734810756972
0.243828125,-26.9734810756972
0.2438671875,-24.9734810756972
0.24390625,-21.9734810756972
0.2439453125,-14.9734810756972
0.243984375,-8.97348107569724
0.2440234375,-2.97348107569724
0.2440625,-1.97348107569724
0.2441015625,-3.97348107569724
0.244140625,-1.97348107569724
0.2441796875,4.02651892430276
0.24421875,11.0265189243028
0.2442578125,16.0265189243028
0.244296875,21.0265189243028
0.2443359375,29.0265189243028
0.244375,38.0265189243028
0.2444140625,45.0265189243028
0.244453125,48.0265189243028
0.2444921875,46.0265189243028
0.24453125,43.0265189243028
0.2445703125,39.0265189243028
0.244609375,32.0265189243028
0.2446484375,23.0265189243028
0.2446875,8.02651892430276
0.2447265625,-5.97348107569724
0.244765625,-14.9734810756972
0.2448046875,-19.9734810756972
0.24484375,-27.9734810756972
0.2448828125,-33.9734810756972
0.244921875,-33.9734810756972
0.2449609375,-28.9734810756972
0.245,-24.9734810756972
0.2450390625,-21.9734810756972
0.245078125,-17.9734810756972
0.2451171875,-13.9734810756972
0.24515625,-12.9734810756972
0.2451953125,-14.9734810756972
0.245234375,-15.9734810756972
0.2452734375,-18.9734810756972
0.2453125,-19.9734810756972
0.2453515625,-19.9734810756972
0.245390625,-20.9734810756972
0.2454296875,-20.9734810756972
0.24546875,-19.9734810756972
0.2455078125,-17.9734810756972
0.245546875,-14.9734810756972
0.2455859375,-9.97348107569724
0.245625,-3.97348107569724
0.2456640625,1.02651892430276
0.245703125,7.02651892430276
0.2457421875,14.0265189243028
0.24578125,20.0265189243028
0.2458203125,22.0265189243028
0.245859375,22.0265189243028
0.2458984375,24.0265189243028
0.2459375,27.0265189243028
0.2459765625,29.0265189243028
0.246015625,32.0265189243028
0.2460546875,35.0265189243028
0.24609375,37.0265189243028
0.2461328125,37.0265189243028
0.246171875,36.0265189243028
0.2462109375,35.0265189243028
0.24625,32.0265189243028
0.2462890625,29.0265189243028
0.246328125,26.0265189243028
0.2463671875,23.0265189243028
0.24640625,20.0265189243028
0.2464453125,16.0265189243028
0.246484375,12.0265189243028
0.2465234375,8.02651892430276
0.2465625,6.02651892430276
0.2466015625,2.02651892430276
0.246640625,0.0265189243027635
0.2466796875,-0.973481075697237
0.24671875,-3.97348107569724
0.2467578125,-6.97348107569724
0.246796875,-11.9734810756972
0.2468359375,-15.9734810756972
0.246875,-20.9734810756972
0.2469140625,-27.9734810756972
0.246953125,-31.9734810756972
0.2469921875,-34.9734810756972
0.24703125,-38.9734810756972
0.2470703125,-39.9734810756972
0.247109375,-41.9734810756972
0.2471484375,-40.9734810756972
0.2471875,-40.9734810756972
0.2472265625,-38.9734810756972
0.247265625,-33.9734810756972
0.2473046875,-27.9734810756972
0.24734375,-19.9734810756972
0.2473828125,-13.9734810756972
0.247421875,-9.97348107569724
0.2474609375,-4.97348107569724
0.2475,-1.97348107569724
0.2475390625,2.02651892430276
0.247578125,7.02651892430276
0.2476171875,10.0265189243028
0.24765625,13.0265189243028
0.2476953125,16.0265189243028
0.247734375,18.0265189243028
0.2477734375,17.0265189243028
0.2478125,15.0265189243028
0.2478515625,13.0265189243028
0.247890625,9.02651892430276
0.2479296875,7.02651892430276
0.24796875,7.02651892430276
0.2480078125,8.02651892430276
0.248046875,11.0265189243028
0.2480859375,14.0265189243028
0.248125,16.0265189243028
0.2481640625,18.0265189243028
0.248203125,17.0265189243028
0.2482421875,17.0265189243028
0.24828125,17.0265189243028
0.2483203125,16.0265189243028
0.248359375,14.0265189243028
0.2483984375,10.0265189243028
0.2484375,5.02651892430276
0.2484765625,-0.973481075697237
0.248515625,-4.97348107569724
0.2485546875,-6.97348107569724
0.24859375,-7.97348107569724
0.2486328125,-7.97348107569724
0.248671875,-7.97348107569724
0.2487109375,-7.97348107569724
0.24875,-6.97348107569724
0.2487890625,-4.97348107569724
0.248828125,-4.97348107569724
0.2488671875,-2.97348107569724
0.24890625,0.0265189243027635
0.2489453125,1.02651892430276
0.248984375,3.02651892430276
0.2490234375,4.02651892430276
0.2490625,3.02651892430276
0.2491015625,0.0265189243027635
0.249140625,-0.973481075697237
0.2491796875,-3.97348107569724
0.24921875,-5.97348107569724
0.2492578125,-5.97348107569724
0.249296875,-4.97348107569724
0.2493359375,-4.97348107569724
0.249375,-5.97348107569724
0.2494140625,-6.97348107569724
0.249453125,-8.97348107569724
0.2494921875,-10.9734810756972
0.24953125,-12.9734810756972
0.2495703125,-11.9734810756972
0.249609375,-9.97348107569724
0.2496484375,-6.97348107569724
0.2496875,-0.973481075697237
0.2497265625,2.02651892430276
0.249765625,6.02651892430276
0.2498046875,10.0265189243028
0.24984375,13.0265189243028
0.2498828125,17.0265189243028
0.249921875,20.0265189243028
0.2499609375,23.0265189243028
0.25,23.0265189243028
0.2500390625,21.0265189243028
0.250078125,20.0265189243028
0.2501171875,17.0265189243028
0.25015625,14.0265189243028
0.2501953125,12.0265189243028
0.250234375,9.02651892430276
0.2502734375,7.02651892430276
0.2503125,4.02651892430276
0.2503515625,0.0265189243027635
0.250390625,-2.97348107569724
0.2504296875,-6.97348107569724
0.25046875,-11.9734810756972
0.2505078125,-13.9734810756972
0.250546875,-14.9734810756972
0.2505859375,-15.9734810756972
0.250625,-15.9734810756972
0.2506640625,-15.9734810756972
0.250703125,-17.9734810756972
0.2507421875,-21.9734810756972
0.25078125,-25.9734810756972
0.2508203125,-26.9734810756972
0.250859375,-26.9734810756972
0.2508984375,-24.9734810756972
0.2509375,-22.9734810756972
0.2509765625,-20.9734810756972
0.251015625,-17.9734810756972
0.2510546875,-17.9734810756972
0.25109375,-15.9734810756972
0.2511328125,-13.9734810756972
0.251171875,-9.97348107569724
0.2512109375,-4.97348107569724
0.25125,1.02651892430276
0.2512890625,5.02651892430276
0.251328125,10.0265189243028
0.2513671875,13.0265189243028
0.25140625,16.0265189243028
0.2514453125,18.0265189243028
0.251484375,22.0265189243028
0.2515234375,26.0265189243028
0.2515625,30.0265189243028
0.2516015625,34.0265189243028
0.251640625,36.0265189243028
0.2516796875,38.0265189243028
0.25171875,36.0265189243028
0.2517578125,33.0265189243028
0.251796875,30.0265189243028
0.2518359375,26.0265189243028
0.251875,22.0265189243028
0.2519140625,19.0265189243028
0.251953125,15.0265189243028
0.2519921875,10.0265189243028
0.25203125,4.02651892430276
0.2520703125,-1.97348107569724
0.252109375,-5.97348107569724
0.2521484375,-9.97348107569724
0.2521875,-11.9734810756972
0.2522265625,-13.9734810756972
0.252265625,-14.9734810756972
0.2523046875,-17.9734810756972
0.25234375,-19.9734810756972
0.2523828125,-22.9734810756972
0.252421875,-23.9734810756972
0.2524609375,-23.9734810756972
0.2525,-21.9734810756972
0.2525390625,-18.9734810756972
0.252578125,-16.9734810756972
0.2526171875,-12.9734810756972
0.25265625,-10.9734810756972
0.2526953125,-9.97348107569724
0.252734375,-7.97348107569724
0.2527734375,-6.97348107569724
0.2528125,-4.97348107569724
0.2528515625,-2.97348107569724
0.252890625,-0.973481075697237
0.2529296875,1.02651892430276
0.25296875,1.02651892430276
0.2530078125,1.02651892430276
0.253046875,1.02651892430276
0.2530859375,2.02651892430276
0.253125,2.02651892430276
0.2531640625,5.02651892430276
0.253203125,7.02651892430276
0.2532421875,10.0265189243028
0.25328125,11.0265189243028
0.2533203125,10.0265189243028
0.253359375,8.02651892430276
0.2533984375,7.02651892430276
0.2534375,6.02651892430276
0.2534765625,4.02651892430276
0.253515625,4.02651892430276
0.2535546875,2.02651892430276
0.25359375,1.02651892430276
0.2536328125,-0.973481075697237
0.253671875,-0.973481075697237
0.2537109375,-2.97348107569724
0.25375,-4.97348107569724
0.2537890625,-4.97348107569724
0.253828125,-5.97348107569724
0.2538671875,-6.97348107569724
0.25390625,-6.97348107569724
0.2539453125,-6.97348107569724
0.253984375,-6.97348107569724
0.2540234375,-6.97348107569724
0.2540625,-6.97348107569724
0.2541015625,-3.97348107569724
0.254140625,0.0265189243027635
0.2541796875,4.02651892430276
0.25421875,7.02651892430276
0.2542578125,9.02651892430276
0.254296875,10.0265189243028
0.2543359375,10.0265189243028
0.254375,10.0265189243028
0.2544140625,9.02651892430276
0.254453125,8.02651892430276
0.2544921875,7.02651892430276
0.25453125,6.02651892430276
0.2545703125,4.02651892430276
0.254609375,1.02651892430276
0.2546484375,-1.97348107569724
0.2546875,-4.97348107569724
0.2547265625,-4.97348107569724
0.254765625,-4.97348107569724
0.2548046875,-5.97348107569724
0.25484375,-6.97348107569724
0.2548828125,-7.97348107569724
0.254921875,-9.97348107569724
0.2549609375,-10.9734810756972
0.255,-12.9734810756972
0.2550390625,-12.9734810756972
0.255078125,-11.9734810756972
0.2551171875,-7.97348107569724
0.25515625,-3.97348107569724
0.2551953125,2.02651892430276
0.255234375,6.02651892430276
0.2552734375,10.0265189243028
0.2553125,13.0265189243028
0.2553515625,16.0265189243028
0.255390625,16.0265189243028
0.2554296875,17.0265189243028
0.25546875,16.0265189243028
0.2555078125,15.0265189243028
0.255546875,15.0265189243028
0.2555859375,12.0265189243028
0.255625,9.02651892430276
0.2556640625,6.02651892430276
0.255703125,4.02651892430276
0.2557421875,4.02651892430276
0.25578125,5.02651892430276
0.2558203125,6.02651892430276
0.255859375,5.02651892430276
0.2558984375,2.02651892430276
0.2559375,-0.973481075697237
0.2559765625,-4.97348107569724
0.256015625,-6.97348107569724
0.2560546875,-8.97348107569724
0.25609375,-9.97348107569724
0.2561328125,-11.9734810756972
0.256171875,-12.9734810756972
0.2562109375,-15.9734810756972
0.25625,-17.9734810756972
0.2562890625,-20.9734810756972
0.256328125,-23.9734810756972
0.2563671875,-23.9734810756972
0.25640625,-23.9734810756972
0.2564453125,-23.9734810756972
0.256484375,-19.9734810756972
0.2565234375,-16.9734810756972
0.2565625,-12.9734810756972
0.2566015625,-8.97348107569724
0.256640625,-4.97348107569724
0.2566796875,0.0265189243027635
0.25671875,5.02651892430276
0.2567578125,9.02651892430276
0.256796875,11.0265189243028
0.2568359375,13.0265189243028
0.256875,13.0265189243028
0.2569140625,13.0265189243028
0.256953125,13.0265189243028
0.2569921875,12.0265189243028
0.25703125,14.0265189243028
0.2570703125,16.0265189243028
0.257109375,17.0265189243028
0.2571484375,17.0265189243028
0.2571875,18.0265189243028
0.2572265625,17.0265189243028
0.257265625,14.0265189243028
0.2573046875,12.0265189243028
0.25734375,10.0265189243028
0.2573828125,8.02651892430276
0.257421875,6.02651892430276
0.2574609375,5.02651892430276
0.2575,3.02651892430276
0.2575390625,0.0265189243027635
0.257578125,-3.97348107569724
0.2576171875,-6.97348107569724
0.25765625,-8.97348107569724
0.2576953125,-8.97348107569724
0.257734375,-6.97348107569724
0.2577734375,-4.97348107569724
0.2578125,-2.97348107569724
0.2578515625,-4.97348107569724
0.257890625,-6.97348107569724
0.2579296875,-9.97348107569724
0.25796875,-12.9734810756972
0.2580078125,-12.9734810756972
0.258046875,-13.9734810756972
0.2580859375,-11.9734810756972
0.258125,-10.9734810756972
0.2581640625,-9.97348107569724
0.258203125,-6.97348107569724
0.2582421875,-4.97348107569724
0.25828125,-1.97348107569724
0.2583203125,0.0265189243027635
0.258359375,3.02651892430276
0.2583984375,5.02651892430276
0.2584375,6.02651892430276
0.2584765625,7.02651892430276
0.258515625,7.02651892430276
0.2585546875,5.02651892430276
0.25859375,3.02651892430276
0.2586328125,1.02651892430276
0.258671875,2.02651892430276
0.2587109375,4.02651892430276
0.25875,5.02651892430276
0.2587890625,8.02651892430276
0.258828125,10.0265189243028
0.2588671875,9.02651892430276
0.25890625,10.0265189243028
0.2589453125,8.02651892430276
0.258984375,11.0265189243028
0.2590234375,11.0265189243028
0.2590625,12.0265189243028
0.2591015625,13.0265189243028
0.259140625,11.0265189243028
0.2591796875,6.02651892430276
0.25921875,3.02651892430276
0.2592578125,-0.973481075697237
0.259296875,-2.97348107569724
0.2593359375,-3.97348107569724
0.259375,-4.97348107569724
0.2594140625,-5.97348107569724
0.259453125,-6.97348107569724
0.2594921875,-7.97348107569724
0.25953125,-6.97348107569724
0.2595703125,-10.9734810756972
0.259609375,-16.9734810756972
0.2596484375,-20.9734810756972
0.2596875,-18.9734810756972
0.2597265625,-9.97348107569724
0.259765625,0.0265189243027635
0.2598046875,6.02651892430276
0.25984375,3.02651892430276
0.2598828125,-2.97348107569724
0.259921875,-8.97348107569724
0.2599609375,-10.9734810756972
0.26,-13.9734810756972
0.2600390625,-19.9734810756972
0.260078125,-24.9734810756972
0.2601171875,-25.9734810756972
0.26015625,-23.9734810756972
0.2601953125,-18.9734810756972
0.260234375,-12.9734810756972
0.2602734375,-3.97348107569724
0.2603125,5.02651892430276
0.2603515625,13.0265189243028
0.260390625,21.0265189243028
0.2604296875,25.0265189243028
0.26046875,28.0265189243028
0.2605078125,26.0265189243028
0.260546875,24.0265189243028
0.2605859375,22.0265189243028
0.260625,24.0265189243028
0.2606640625,23.0265189243028
0.260703125,23.0265189243028
0.2607421875,23.0265189243028
0.26078125,22.0265189243028
0.2608203125,20.0265189243028
0.260859375,16.0265189243028
0.2608984375,10.0265189243028
0.2609375,6.02651892430276
0.2609765625,4.02651892430276
0.261015625,3.02651892430276
0.2610546875,4.02651892430276
0.26109375,4.02651892430276
0.2611328125,3.02651892430276
0.261171875,3.02651892430276
0.2612109375,2.02651892430276
0.26125,4.02651892430276
0.2612890625,5.02651892430276
0.261328125,5.02651892430276
0.2613671875,3.02651892430276
0.26140625,0.0265189243027635
0.2614453125,-6.97348107569724
0.261484375,-14.9734810756972
0.2615234375,-24.9734810756972
0.2615625,-34.9734810756972
0.2616015625,-42.9734810756972
0.261640625,-46.9734810756972
0.2616796875,-48.9734810756972
0.26171875,-48.9734810756972
0.2617578125,-47.9734810756972
0.261796875,-45.9734810756972
0.2618359375,-43.9734810756972
0.261875,-39.9734810756972
0.2619140625,-32.9734810756972
0.261953125,-23.9734810756972
0.2619921875,-15.9734810756972
0.26203125,-7.97348107569724
0.2620703125,-0.973481075697237
0.262109375,4.02651892430276
0.2621484375,8.02651892430276
0.2621875,13.0265189243028
0.2622265625,17.0265189243028
0.262265625,20.0265189243028
0.2623046875,22.0265189243028
0.26234375,22.0265189243028
0.2623828125,23.0265189243028
0.262421875,23.0265189243028
0.2624609375,24.0265189243028
0.2625,23.0265189243028
0.2625390625,22.0265189243028
0.262578125,23.0265189243028
0.2626171875,22.0265189243028
0.26265625,20.0265189243028
0.2626953125,20.0265189243028
0.262734375,20.0265189243028
0.2627734375,20.0265189243028
0.2628125,19.0265189243028
0.2628515625,21.0265189243028
0.262890625,22.0265189243028
0.2629296875,24.0265189243028
0.26296875,24.0265189243028
0.2630078125,25.0265189243028
0.263046875,23.0265189243028
0.2630859375,19.0265189243028
0.263125,13.0265189243028
0.2631640625,8.02651892430276
0.263203125,2.02651892430276
0.2632421875,1.02651892430276
0.26328125,0.0265189243027635
0.2633203125,0.0265189243027635
0.263359375,-0.973481075697237
0.2633984375,0.0265189243027635
0.2634375,-1.97348107569724
0.2634765625,-1.97348107569724
0.263515625,-2.97348107569724
0.2635546875,-0.973481075697237
0.26359375,-0.973481075697237
0.2636328125,-7.97348107569724
0.263671875,-16.9734810756972
0.2637109375,-24.9734810756972
0.26375,-25.9734810756972
0.2637890625,-23.9734810756972
0.263828125,-24.9734810756972
0.2638671875,-32.9734810756972
0.26390625,-39.9734810756972
0.2639453125,-39.9734810756972
0.263984375,-27.9734810756972
0.2640234375,-7.97348107569724
0.2640625,5.02651892430276
0.2641015625,11.0265189243028
0.264140625,10.0265189243028
0.2641796875,10.0265189243028
0.26421875,10.0265189243028
0.2642578125,9.02651892430276
0.264296875,4.02651892430276
0.2643359375,-0.973481075697237
0.264375,-7.97348107569724
0.2644140625,-13.9734810756972
0.264453125,-14.9734810756972
0.2644921875,-15.9734810756972
0.26453125,-15.9734810756972
0.2645703125,-12.9734810756972
0.264609375,-9.97348107569724
0.2646484375,-8.97348107569724
0.2646875,-5.97348107569724
0.2647265625,-3.97348107569724
0.264765625,-4.97348107569724
0.2648046875,-4.97348107569724
0.26484375,-1.97348107569724
0.2648828125,6.02651892430276
0.264921875,17.0265189243028
0.2649609375,21.0265189243028
0.265,20.0265189243028
0.2650390625,21.0265189243028
0.265078125,20.0265189243028
0.2651171875,16.0265189243028
0.26515625,11.0265189243028
0.2651953125,7.02651892430276
0.265234375,2.02651892430276
0.2652734375,-0.973481075697237
0.2653125,-2.97348107569724
0.2653515625,-5.97348107569724
0.265390625,-9.97348107569724
0.2654296875,-14.9734810756972
0.26546875,-17.9734810756972
0.2655078125,-16.9734810756972
0.265546875,-11.9734810756972
0.2655859375,-8.97348107569724
0.265625,-6.97348107569724
0.2656640625,-5.97348107569724
0.265703125,-2.97348107569724
0.2657421875,-0.973481075697237
0.26578125,-0.973481075697237
0.2658203125,0.0265189243027635
0.265859375,0.0265189243027635
0.2658984375,1.02651892430276
0.2659375,1.02651892430276
0.2659765625,2.02651892430276
0.266015625,4.02651892430276
0.2660546875,4.02651892430276
0.26609375,3.02651892430276
0.2661328125,4.02651892430276
0.266171875,5.02651892430276
0.2662109375,7.02651892430276
0.26625,9.02651892430276
0.2662890625,9.02651892430276
0.266328125,9.02651892430276
0.2663671875,10.0265189243028
0.26640625,11.0265189243028
0.2664453125,13.0265189243028
0.266484375,15.0265189243028
0.2665234375,15.0265189243028
0.2665625,14.0265189243028
0.2666015625,12.0265189243028
0.266640625,11.0265189243028
0.2666796875,7.02651892430276
0.26671875,5.02651892430276
0.2667578125,3.02651892430276
0.266796875,3.02651892430276
0.2668359375,4.02651892430276
0.266875,5.02651892430276
0.2669140625,8.02651892430276
0.266953125,9.02651892430276
0.2669921875,10.0265189243028
0.26703125,9.02651892430276
0.2670703125,9.02651892430276
0.267109375,9.02651892430276
0.2671484375,9.02651892430276
0.2671875,10.0265189243028
0.2672265625,10.0265189243028
0.267265625,9.02651892430276
0.2673046875,5.02651892430276
0.26734375,3.02651892430276
0.2673828125,0.0265189243027635
0.267421875,-3.97348107569724
0.2674609375,-5.97348107569724
0.2675,-7.97348107569724
0.2675390625,-7.97348107569724
0.267578125,-8.97348107569724
0.2676171875,-10.9734810756972
0.26765625,-13.9734810756972
0.2676953125,-17.9734810756972
0.267734375,-20.9734810756972
0.2677734375,-21.9734810756972
0.2678125,-23.9734810756972
0.2678515625,-24.9734810756972
0.267890625,-25.9734810756972
0.2679296875,-26.9734810756972
0.26796875,-26.9734810756972
0.2680078125,-26.9734810756972
0.268046875,-25.9734810756972
0.2680859375,-24.9734810756972
0.268125,-23.9734810756972
0.2681640625,-21.9734810756972
0.268203125,-19.9734810756972
0.2682421875,-17.9734810756972
0.26828125,-17.9734810756972
0.2683203125,-14.9734810756972
0.268359375,-11.9734810756972
0.2683984375,-8.97348107569724
0.2684375,-0.973481075697237
0.2684765625,6.02651892430276
0.268515625,12.0265189243028
0.2685546875,17.0265189243028
0.26859375,20.0265189243028
0.2686328125,22.0265189243028
0.268671875,24.0265189243028
0.2687109375,26.0265189243028
0.26875,27.0265189243028
0.2687890625,30.0265189243028
0.268828125,30.0265189243028
0.2688671875,31.0265189243028
0.26890625,31.0265189243028
0.2689453125,28.0265189243028
0.268984375,24.0265189243028
0.2690234375,21.0265189243028
0.2690625,17.0265189243028
0.2691015625,14.0265189243028
0.269140625,11.0265189243028
0.2691796875,7.02651892430276
0.26921875,5.02651892430276
0.2692578125,3.02651892430276
0.269296875,-0.973481075697237
0.2693359375,-1.97348107569724
0.269375,-3.97348107569724
0.2694140625,-4.97348107569724
0.269453125,-5.97348107569724
0.2694921875,-6.97348107569724
0.26953125,-6.97348107569724
0.2695703125,-7.97348107569724
0.269609375,-8.97348107569724
0.2696484375,-9.97348107569724
0.2696875,-10.9734810756972
0.2697265625,-11.9734810756972
0.269765625,-12.9734810756972
0.2698046875,-12.9734810756972
0.26984375,-11.9734810756972
0.2698828125,-10.9734810756972
0.269921875,-9.97348107569724
0.2699609375,-7.97348107569724
0.27,-5.97348107569724
0.2700390625,-2.97348107569724
0.270078125,0.0265189243027635
0.2701171875,3.02651892430276
0.27015625,4.02651892430276
0.2701953125,5.02651892430276
0.270234375,5.02651892430276
0.2702734375,3.02651892430276
0.2703125,3.02651892430276
0.2703515625,2.02651892430276
0.270390625,2.02651892430276
0.2704296875,2.02651892430276
0.27046875,3.02651892430276
0.2705078125,5.02651892430276
0.270546875,5.02651892430276
0.2705859375,5.02651892430276
0.270625,2.02651892430276
0.2706640625,0.0265189243027635
0.270703125,-3.97348107569724
0.2707421875,-5.97348107569724
0.27078125,-6.97348107569724
0.2708203125,-6.97348107569724
0.270859375,-6.97348107569724
0.2708984375,-6.97348107569724
0.2709375,-5.97348107569724
0.2709765625,-5.97348107569724
0.271015625,-3.97348107569724
0.2710546875,-1.97348107569724
0.27109375,0.0265189243027635
0.2711328125,2.02651892430276
0.271171875,1.02651892430276
0.2712109375,0.0265189243027635
0.27125,-2.97348107569724
0.2712890625,-3.97348107569724
0.271328125,-4.97348107569724
0.2713671875,-4.97348107569724
0.27140625,-4.97348107569724
0.2714453125,-3.97348107569724
0.271484375,-2.97348107569724
0.2715234375,-1.97348107569724
0.2715625,-2.97348107569724
0.2716015625,-4.97348107569724
0.271640625,-5.97348107569724
0.2716796875,-6.97348107569724
0.27171875,-4.97348107569724
0.2717578125,-3.97348107569724
0.271796875,-3.97348107569724
0.2718359375,-2.97348107569724
0.271875,-2.97348107569724
0.2719140625,-1.97348107569724
0.271953125,-0.973481075697237
0.2719921875,2.02651892430276
0.27203125,7.02651892430276
0.2720703125,10.0265189243028
0.272109375,12.0265189243028
0.2721484375,13.0265189243028
0.2721875,14.0265189243028
0.2722265625,13.0265189243028
0.272265625,14.0265189243028
0.2723046875,13.0265189243028
0.27234375,13.0265189243028
0.2723828125,13.0265189243028
0.272421875,13.0265189243028
0.2724609375,13.0265189243028
0.2725,14.0265189243028
0.2725390625,14.0265189243028
0.272578125,14.0265189243028
0.2726171875,11.0265189243028
0.27265625,11.0265189243028
0.2726953125,10.0265189243028
0.272734375,10.0265189243028
0.2727734375,10.0265189243028
0.2728125,9.02651892430276
0.2728515625,7.02651892430276
0.272890625,3.02651892430276
0.2729296875,-0.973481075697237
0.27296875,-4.97348107569724
0.2730078125,-6.97348107569724
0.273046875,-9.97348107569724
0.2730859375,-10.9734810756972
0.273125,-12.9734810756972
0.2731640625,-15.9734810756972
0.273203125,-18.9734810756972
0.2732421875,-21.9734810756972
0.27328125,-22.9734810756972
0.2733203125,-22.9734810756972
0.273359375,-21.9734810756972
0.2733984375,-21.9734810756972
0.2734375,-20.9734810756972
0.2734765625,-19.9734810756972
0.273515625,-17.9734810756972
0.2735546875,-15.9734810756972
0.27359375,-11.9734810756972
0.2736328125,-9.97348107569724
0.273671875,-5.97348107569724
0.2737109375,-1.97348107569724
0.27375,3.02651892430276
0.2737890625,6.02651892430276
0.273828125,8.02651892430276
0.2738671875,10.0265189243028
0.27390625,9.02651892430276
0.2739453125,10.0265189243028
0.273984375,11.0265189243028
0.2740234375,15.0265189243028
0.2740625,18.0265189243028
0.2741015625,22.0265189243028
0.274140625,23.0265189243028
0.2741796875,22.0265189243028
0.27421875,18.0265189243028
0.2742578125,16.0265189243028
0.274296875,14.0265189243028
0.2743359375,11.0265189243028
0.274375,8.02651892430276
0.2744140625,4.02651892430276
0.274453125,1.02651892430276
0.2744921875,-3.97348107569724
0.27453125,-7.97348107569724
0.2745703125,-12.9734810756972
0.274609375,-15.9734810756972
0.2746484375,-18.9734810756972
0.2746875,-20.9734810756972
0.2747265625,-21.9734810756972
0.274765625,-22.9734810756972
0.2748046875,-21.9734810756972
0.27484375,-20.9734810756972
0.2748828125,-19.9734810756972
0.274921875,-17.9734810756972
0.2749609375,-13.9734810756972
0.275,-9.97348107569724
0.2750390625,-5.97348107569724
0.275078125,-1.97348107569724
0.2751171875,1.02651892430276
0.27515625,2.02651892430276
0.2751953125,4.02651892430276
0.275234375,6.02651892430276
0.2752734375,8.02651892430276
0.2753125,11.0265189243028
0.2753515625,13.0265189243028
0.275390625,15.0265189243028
0.2754296875,15.0265189243028
0.27546875,14.0265189243028
0.2755078125,15.0265189243028
0.275546875,13.0265189243028
0.2755859375,14.0265189243028
0.275625,15.0265189243028
0.2756640625,15.0265189243028
0.275703125,17.0265189243028
0.2757421875,16.0265189243028
0.27578125,15.0265189243028
0.2758203125,13.0265189243028
0.275859375,10.0265189243028
0.2758984375,7.02651892430276
0.2759375,4.02651892430276
0.2759765625,3.02651892430276
0.276015625,0.0265189243027635
0.2760546875,-1.97348107569724
0.27609375,-3.97348107569724
0.2761328125,-9.97348107569724
0.276171875,-12.9734810756972
0.2762109375,-10.9734810756972
0.27625,-4.97348107569724
0.2762890625,4.02651892430276
0.276328125,8.02651892430276
0.2763671875,5.02651892430276
0.27640625,-0.973481075697237
0.2764453125,-6.97348107569724
0.276484375,-8.97348107569724
0.2765234375,-11.9734810756972
0.2765625,-13.9734810756972
0.2766015625,-15.9734810756972
0.276640625,-17.9734810756972
0.2766796875,-17.9734810756972
0.27671875,-17.9734810756972
0.2767578125,-14.9734810756972
0.276796875,-11.9734810756972
0.2768359375,-6.97348107569724
0.276875,-1.97348107569724
0.2769140625,1.02651892430276
0.276953125,2.02651892430276
0.2769921875,2.02651892430276
0.27703125,5.02651892430276
0.2770703125,6.02651892430276
0.277109375,7.02651892430276
0.2771484375,6.02651892430276
0.2771875,4.02651892430276
0.2772265625,3.02651892430276
0.277265625,1.02651892430276
0.2773046875,0.0265189243027635
0.27734375,-0.973481075697237
0.2773828125,-1.97348107569724
0.277421875,-1.97348107569724
0.2774609375,-3.97348107569724
0.2775,-5.97348107569724
0.2775390625,-7.97348107569724
0.277578125,-5.97348107569724
0.2776171875,-4.97348107569724
0.27765625,-2.97348107569724
0.2776953125,-3.97348107569724
0.277734375,-2.97348107569724
0.2777734375,-1.97348107569724
0.2778125,2.02651892430276
0.2778515625,4.02651892430276
0.277890625,6.02651892430276
0.2779296875,6.02651892430276
0.27796875,7.02651892430276
0.2780078125,8.02651892430276
0.278046875,8.02651892430276
0.2780859375,6.02651892430276
0.278125,4.02651892430276
0.2781640625,3.02651892430276
0.278203125,4.02651892430276
0.2782421875,7.02651892430276
0.27828125,10.0265189243028
0.2783203125,12.0265189243028
0.278359375,14.0265189243028
0.2783984375,13.0265189243028
0.2784375,11.0265189243028
0.2784765625,8.02651892430276
0.278515625,8.02651892430276
0.2785546875,7.02651892430276
0.27859375,6.02651892430276
0.2786328125,5.02651892430276
0.278671875,4.02651892430276
0.2787109375,1.02651892430276
0.27875,-2.97348107569724
0.2787890625,-5.97348107569724
0.278828125,-8.97348107569724
0.2788671875,-10.9734810756972
0.27890625,-12.9734810756972
0.2789453125,-12.9734810756972
0.278984375,-12.9734810756972
0.2790234375,-12.9734810756972
0.2790625,-11.9734810756972
0.2791015625,-10.9734810756972
0.279140625,-9.97348107569724
0.2791796875,-7.97348107569724
0.27921875,-5.97348107569724
0.2792578125,-1.97348107569724
0.279296875,1.02651892430276
0.2793359375,4.02651892430276
0.279375,5.02651892430276
0.2794140625,7.02651892430276
0.279453125,10.0265189243028
0.2794921875,13.0265189243028
0.27953125,14.0265189243028
0.2795703125,14.0265189243028
0.279609375,12.0265189243028
0.2796484375,7.02651892430276
0.2796875,4.02651892430276
0.2797265625,2.02651892430276
0.279765625,-0.973481075697237
0.2798046875,1.02651892430276
0.27984375,1.02651892430276
0.2798828125,1.02651892430276
0.279921875,1.02651892430276
0.2799609375,1.02651892430276
0.28,5.02651892430276
0.2800390625,9.02651892430276
0.280078125,13.0265189243028
0.2801171875,16.0265189243028
0.28015625,17.0265189243028
0.2801953125,17.0265189243028
0.280234375,16.0265189243028
0.2802734375,11.0265189243028
0.2803125,6.02651892430276
0.2803515625,-1.97348107569724
0.280390625,-8.97348107569724
0.2804296875,-17.9734810756972
0.28046875,-28.9734810756972
0.2805078125,-38.9734810756972
0.280546875,-46.9734810756972
0.2805859375,-50.9734810756972
0.280625,-51.9734810756972
0.2806640625,-49.9734810756972
0.280703125,-47.9734810756972
0.2807421875,-45.9734810756972
0.28078125,-41.9734810756972
0.2808203125,-36.9734810756972
0.280859375,-30.9734810756972
0.2808984375,-24.9734810756972
0.2809375,-16.9734810756972
0.2809765625,-11.9734810756972
0.281015625,-4.97348107569724
0.2810546875,-0.973481075697237
0.28109375,6.02651892430276
0.2811328125,12.0265189243028
0.281171875,19.0265189243028
0.2812109375,27.0265189243028
0.28125,34.0265189243028
0.2812890625,39.0265189243028
0.281328125,41.0265189243028
0.2813671875,43.0265189243028
0.28140625,42.0265189243028
0.2814453125,40.0265189243028
0.281484375,38.0265189243028
0.2815234375,36.0265189243028
0.2815625,35.0265189243028
0.2816015625,34.0265189243028
0.281640625,30.0265189243028
0.2816796875,28.0265189243028
0.28171875,26.0265189243028
0.2817578125,27.0265189243028
0.281796875,27.0265189243028
0.2818359375,29.0265189243028
0.281875,27.0265189243028
0.2819140625,27.0265189243028
0.281953125,24.0265189243028
0.2819921875,20.0265189243028
0.28203125,14.0265189243028
0.2820703125,8.02651892430276
0.282109375,1.02651892430276
0.2821484375,-4.97348107569724
0.2821875,-12.9734810756972
0.2822265625,-17.9734810756972
0.282265625,-22.9734810756972
0.2823046875,-26.9734810756972
0.28234375,-30.9734810756972
0.2823828125,-32.9734810756972
0.282421875,-34.9734810756972
0.2824609375,-33.9734810756972
0.2825,-33.9734810756972
0.2825390625,-32.9734810756972
0.282578125,-30.9734810756972
0.2826171875,-27.9734810756972
0.28265625,-24.9734810756972
0.2826953125,-21.9734810756972
0.282734375,-17.9734810756972
0.2827734375,-18.9734810756972
0.2828125,-17.9734810756972
0.2828515625,-13.9734810756972
0.282890625,-8.97348107569724
0.2829296875,4.02651892430276
0.28296875,18.0265189243028
0.2830078125,24.0265189243028
0.283046875,22.0265189243028
0.2830859375,21.0265189243028
0.283125,22.0265189243028
0.2831640625,22.0265189243028
0.283203125,21.0265189243028
0.2832421875,20.0265189243028
0.28328125,16.0265189243028
0.2833203125,14.0265189243028
0.283359375,10.0265189243028
0.2833984375,1.02651892430276
0.2834375,-8.97348107569724
0.2834765625,-11.9734810756972
0.283515625,-12.9734810756972
0.2835546875,-12.9734810756972
0.28359375,-11.9734810756972
0.2836328125,-15.9734810756972
0.283671875,-22.9734810756972
0.2837109375,-26.9734810756972
0.28375,-28.9734810756972
0.2837890625,-23.9734810756972
0.283828125,-17.9734810756972
0.2838671875,-14.9734810756972
0.28390625,-16.9734810756972
0.2839453125,-16.9734810756972
0.283984375,-14.9734810756972
0.2840234375,-12.9734810756972
0.2840625,-9.97348107569724
0.2841015625,-4.97348107569724
0.284140625,0.0265189243027635
0.2841796875,0.0265189243027635
0.28421875,2.02651892430276
0.2842578125,7.02651892430276
0.284296875,9.02651892430276
0.2843359375,11.0265189243028
0.284375,10.0265189243028
0.2844140625,10.0265189243028
0.284453125,11.0265189243028
0.2844921875,10.0265189243028
0.28453125,9.02651892430276
0.2845703125,9.02651892430276
0.284609375,7.02651892430276
0.2846484375,8.02651892430276
0.2846875,7.02651892430276
0.2847265625,10.0265189243028
0.284765625,12.0265189243028
0.2848046875,14.0265189243028
0.28484375,18.0265189243028
0.2848828125,22.0265189243028
0.284921875,24.0265189243028
0.2849609375,24.0265189243028
0.285,24.0265189243028
0.2850390625,22.0265189243028
0.285078125,19.0265189243028
0.2851171875,16.0265189243028
0.28515625,10.0265189243028
0.2851953125,6.02651892430276
0.285234375,-0.973481075697237
0.2852734375,-7.97348107569724
0.2853125,-12.9734810756972
0.2853515625,-13.9734810756972
0.285390625,-12.9734810756972
0.2854296875,-11.9734810756972
0.28546875,-9.97348107569724
0.2855078125,-7.97348107569724
0.285546875,-6.97348107569724
0.2855859375,-6.97348107569724
0.285625,-6.97348107569724
0.2856640625,-6.97348107569724
0.285703125,-5.97348107569724
0.2857421875,-4.97348107569724
0.28578125,-0.973481075697237
0.2858203125,2.02651892430276
0.285859375,5.02651892430276
0.2858984375,8.02651892430276
0.2859375,9.02651892430276
0.2859765625,10.0265189243028
0.286015625,14.0265189243028
0.2860546875,15.0265189243028
0.28609375,16.0265189243028
0.2861328125,17.0265189243028
0.286171875,17.0265189243028
0.2862109375,14.0265189243028
0.28625,11.0265189243028
0.2862890625,7.02651892430276
0.286328125,4.02651892430276
0.2863671875,1.02651892430276
0.28640625,-0.973481075697237
0.2864453125,-2.97348107569724
0.286484375,-4.97348107569724
0.2865234375,-7.97348107569724
0.2865625,-10.9734810756972
0.2866015625,-13.9734810756972
0.286640625,-17.9734810756972
0.2866796875,-20.9734810756972
0.28671875,-21.9734810756972
0.2867578125,-22.9734810756972
0.286796875,-22.9734810756972
0.2868359375,-22.9734810756972
0.286875,-21.9734810756972
0.2869140625,-22.9734810756972
0.286953125,-20.9734810756972
0.2869921875,-17.9734810756972
0.28703125,-13.9734810756972
0.2870703125,-8.97348107569724
0.287109375,-5.97348107569724
0.2871484375,-2.97348107569724
0.2871875,-0.973481075697237
0.2872265625,0.0265189243027635
0.287265625,-0.973481075697237
0.2873046875,-0.973481075697237
0.28734375,-0.973481075697237
0.2873828125,-0.973481075697237
0.287421875,-1.97348107569724
0.2874609375,-1.97348107569724
0.2875,-2.97348107569724
0.2875390625,-0.973481075697237
0.287578125,1.02651892430276
0.2876171875,2.02651892430276
0.28765625,5.02651892430276
0.2876953125,10.0265189243028
0.287734375,14.0265189243028
0.2877734375,17.0265189243028
0.2878125,18.0265189243028
0.2878515625,17.0265189243028
0.287890625,15.0265189243028
0.2879296875,13.0265189243028
0.28796875,11.0265189243028
0.2880078125,9.02651892430276
0.288046875,7.02651892430276
0.2880859375,5.02651892430276
0.288125,2.02651892430276
0.2881640625,0.0265189243027635
0.288203125,-3.97348107569724
0.2882421875,-4.97348107569724
0.28828125,-4.97348107569724
0.2883203125,-4.97348107569724
0.288359375,-1.97348107569724
0.2883984375,0.0265189243027635
0.2884375,3.02651892430276
0.2884765625,4.02651892430276
0.288515625,6.02651892430276
0.2885546875,8.02651892430276
0.28859375,9.02651892430276
0.2886328125,11.0265189243028
0.288671875,12.0265189243028
0.2887109375,11.0265189243028
0.28875,11.0265189243028
0.2887890625,9.02651892430276
0.288828125,7.02651892430276
0.2888671875,5.02651892430276
0.28890625,4.02651892430276
0.2889453125,3.02651892430276
0.288984375,1.02651892430276
0.2890234375,0.0265189243027635
0.2890625,-0.973481075697237
0.2891015625,-0.973481075697237
0.289140625,-1.97348107569724
0.2891796875,-1.97348107569724
0.28921875,-2.97348107569724
0.2892578125,-3.97348107569724
0.289296875,-3.97348107569724
0.2893359375,-3.97348107569724
0.289375,-4.97348107569724
0.2894140625,-5.97348107569724
0.289453125,-8.97348107569724
0.2894921875,-11.9734810756972
0.28953125,-13.9734810756972
0.2895703125,-16.9734810756972
0.289609375,-16.9734810756972
0.2896484375,-15.9734810756972
0.2896875,-13.9734810756972
0.2897265625,-10.9734810756972
0.289765625,-7.97348107569724
0.2898046875,-6.97348107569724
0.28984375,-7.97348107569724
0.2898828125,-6.97348107569724
0.289921875,-5.97348107569724
0.2899609375,-4.97348107569724
0.29,-2.97348107569724
0.2900390625,1.02651892430276
0.290078125,2.02651892430276
0.2901171875,2.02651892430276
0.29015625,2.02651892430276
0.2901953125,1.02651892430276
0.290234375,2.02651892430276
0.2902734375,4.02651892430276
0.2903125,5.02651892430276
0.2903515625,8.02651892430276
0.290390625,10.0265189243028
0.2904296875,10.0265189243028
0.29046875,8.02651892430276
0.2905078125,6.02651892430276
0.290546875,5.02651892430276
0.2905859375,4.02651892430276
0.290625,3.02651892430276
0.2906640625,3.02651892430276
0.290703125,1.02651892430276
0.2907421875,-1.97348107569724
0.29078125,-4.97348107569724
0.2908203125,-5.97348107569724
0.290859375,-4.97348107569724
0.2908984375,-3.97348107569724
0.2909375,-1.97348107569724
0.2909765625,0.0265189243027635
0.291015625,2.02651892430276
0.2910546875,2.02651892430276
0.29109375,3.02651892430276
0.2911328125,1.02651892430276
0.291171875,0.0265189243027635
0.2912109375,0.0265189243027635
0.29125,1.02651892430276
0.2912890625,2.02651892430276
0.291328125,3.02651892430276
0.2913671875,4.02651892430276
0.29140625,4.02651892430276
0.2914453125,3.02651892430276
0.291484375,2.02651892430276
0.2915234375,1.02651892430276
0.2915625,-0.973481075697237
0.2916015625,-0.973481075697237
0.291640625,2.02651892430276
0.2916796875,3.02651892430276
0.29171875,5.02651892430276
0.2917578125,7.02651892430276
0.291796875,7.02651892430276
0.2918359375,6.02651892430276
0.291875,8.02651892430276
0.2919140625,9.02651892430276
0.291953125,10.0265189243028
0.2919921875,9.02651892430276
0.29203125,7.02651892430276
0.2920703125,2.02651892430276
0.292109375,0.0265189243027635
0.2921484375,-1.97348107569724
0.2921875,-1.97348107569724
0.2922265625,-0.973481075697237
0.292265625,-0.973481075697237
0.2923046875,-0.973481075697237
0.29234375,-1.97348107569724
0.2923828125,-2.97348107569724
0.292421875,-3.97348107569724
0.2924609375,-4.97348107569724
0.2925,-3.97348107569724
0.2925390625,-3.97348107569724
0.292578125,-1.97348107569724
0.2926171875,0.0265189243027635
0.29265625,1.02651892430276
0.2926953125,2.02651892430276
0.292734375,0.0265189243027635
0.2927734375,-1.97348107569724
0.2928125,-2.97348107569724
0.2928515625,-3.97348107569724
0.292890625,-3.97348107569724
0.2929296875,-2.97348107569724
0.29296875,-1.97348107569724
0.2930078125,-1.97348107569724
0.293046875,-1.97348107569724
0.2930859375,-3.97348107569724
0.293125,-5.97348107569724
0.2931640625,-8.97348107569724
0.293203125,-9.97348107569724
0.2932421875,-10.9734810756972
0.29328125,-10.9734810756972
0.2933203125,-9.97348107569724
0.293359375,-8.97348107569724
0.2933984375,-7.97348107569724
0.2934375,-5.97348107569724
0.2934765625,-3.97348107569724
0.293515625,0.0265189243027635
0.2935546875,1.02651892430276
0.29359375,2.02651892430276
0.2936328125,4.02651892430276
0.293671875,4.02651892430276
0.2937109375,3.02651892430276
0.29375,1.02651892430276
0.2937890625,-0.973481075697237
0.293828125,-1.97348107569724
0.2938671875,-1.97348107569724
0.29390625,-3.97348107569724
0.2939453125,-4.97348107569724
0.293984375,-3.97348107569724
0.2940234375,-3.97348107569724
0.2940625,-1.97348107569724
0.2941015625,-0.973481075697237
0.294140625,0.0265189243027635
0.2941796875,1.02651892430276
0.29421875,3.02651892430276
0.2942578125,4.02651892430276
0.294296875,1.02651892430276
0.2943359375,0.0265189243027635
0.294375,-2.97348107569724
0.2944140625,-3.97348107569724
0.294453125,-3.97348107569724
0.2944921875,-2.97348107569724
0.29453125,0.0265189243027635
0.2945703125,4.02651892430276
0.294609375,8.02651892430276
0.2946484375,11.0265189243028
0.2946875,14.0265189243028
0.2947265625,16.0265189243028
0.294765625,16.0265189243028
0.2948046875,17.0265189243028
0.29484375,17.0265189243028
0.2948828125,17.0265189243028
0.294921875,17.0265189243028
0.2949609375,16.0265189243028
0.295,12.0265189243028
0.2950390625,9.02651892430276
0.295078125,5.02651892430276
0.2951171875,2.02651892430276
0.29515625,2.02651892430276
0.2951953125,1.02651892430276
0.295234375,0.0265189243027635
0.2952734375,-0.973481075697237
0.2953125,-2.97348107569724
0.2953515625,-4.97348107569724
0.295390625,-6.97348107569724
0.2954296875,-6.97348107569724
0.29546875,-5.97348107569724
0.2955078125,-5.97348107569724
0.295546875,-5.97348107569724
0.2955859375,-8.97348107569724
0.295625,-9.97348107569724
0.2956640625,-11.9734810756972
0.295703125,-11.9734810756972
0.2957421875,-11.9734810756972
0.29578125,-11.9734810756972
0.2958203125,-9.97348107569724
0.295859375,-6.97348107569724
0.2958984375,-4.97348107569724
0.2959375,-2.97348107569724
0.2959765625,-0.973481075697237
0.296015625,0.0265189243027635
0.2960546875,0.0265189243027635
0.29609375,0.0265189243027635
0.2961328125,1.02651892430276
0.296171875,2.02651892430276
0.2962109375,3.02651892430276
0.29625,3.02651892430276
0.2962890625,2.02651892430276
0.296328125,1.02651892430276
0.2963671875,-0.973481075697237
0.29640625,-2.97348107569724
0.2964453125,-1.97348107569724
0.296484375,0.0265189243027635
0.2965234375,0.0265189243027635
0.2965625,1.02651892430276
0.2966015625,0.0265189243027635
0.296640625,0.0265189243027635
0.2966796875,-1.97348107569724
0.29671875,-2.97348107569724
0.2967578125,-1.97348107569724
0.296796875,-1.97348107569724
0.2968359375,-1.97348107569724
0.296875,-1.97348107569724
0.2969140625,-3.97348107569724
0.296953125,-4.97348107569724
0.2969921875,-6.97348107569724
0.29703125,-7.97348107569724
0.2970703125,-5.97348107569724
0.297109375,-5.97348107569724
0.2971484375,-7.97348107569724
0.2971875,-3.97348107569724
0.2972265625,-1.97348107569724
0.297265625,-1.97348107569724
0.2973046875,-2.97348107569724
0.29734375,-3.97348107569724
0.2973828125,-5.97348107569724
0.297421875,-2.97348107569724
0.2974609375,2.02651892430276
0.2975,6.02651892430276
0.2975390625,12.0265189243028
0.297578125,12.0265189243028
0.2976171875,11.0265189243028
0.29765625,12.0265189243028
0.2976953125,13.0265189243028
0.297734375,13.0265189243028
0.2977734375,13.0265189243028
0.2978125,13.0265189243028
0.2978515625,15.0265189243028
0.297890625,15.0265189243028
0.2979296875,13.0265189243028
0.29796875,11.0265189243028
0.2980078125,7.02651892430276
0.298046875,4.02651892430276
0.2980859375,5.02651892430276
0.298125,6.02651892430276
0.2981640625,6.02651892430276
0.298203125,6.02651892430276
0.2982421875,5.02651892430276
0.29828125,3.02651892430276
0.2983203125,0.0265189243027635
0.298359375,-2.97348107569724
0.2983984375,-2.97348107569724
0.2984375,-0.973481075697237
0.2984765625,1.02651892430276
0.298515625,-0.973481075697237
0.2985546875,-1.97348107569724
0.29859375,-4.97348107569724
0.2986328125,-6.97348107569724
0.298671875,-7.97348107569724
0.2987109375,-8.97348107569724
0.29875,-7.97348107569724
0.2987890625,-3.97348107569724
0.298828125,-1.97348107569724
0.2988671875,1.02651892430276
0.29890625,4.02651892430276
0.2989453125,8.02651892430276
0.298984375,10.0265189243028
0.2990234375,12.0265189243028
0.2990625,12.0265189243028
0.2991015625,10.0265189243028
0.299140625,9.02651892430276
0.2991796875,10.0265189243028
0.29921875,9.02651892430276
0.2992578125,7.02651892430276
0.299296875,5.02651892430276
0.2993359375,3.02651892430276
0.299375,5.02651892430276
0.2994140625,7.02651892430276
0.299453125,6.02651892430276
0.2994921875,4.02651892430276
0.29953125,-0.973481075697237
0.2995703125,-7.97348107569724
0.299609375,-15.9734810756972
0.2996484375,-27.9734810756972
0.2996875,-40.9734810756972
0.2997265625,-51.9734810756972
0.299765625,-62.9734810756972
0.2998046875,-69.9734810756972
0.29984375,-72.9734810756972
0.2998828125,-75.9734810756972
0.299921875,-74.9734810756972
0.2999609375,-70.9734810756972
0.3,-63.9734810756972
0.3000390625,-52.9734810756972
0.300078125,-40.9734810756972
0.3001171875,-26.9734810756972
0.30015625,-15.9734810756972
0.3001953125,-8.97348107569724
0.300234375,-3.97348107569724
0.3002734375,-0.973481075697237
0.3003125,2.02651892430276
0.3003515625,7.02651892430276
0.300390625,12.0265189243028
0.3004296875,17.0265189243028
0.30046875,25.0265189243028
0.3005078125,32.0265189243028
0.300546875,41.0265189243028
0.3005859375,49.0265189243028
0.300625,55.0265189243028
0.3006640625,65.0265189243028
0.300703125,74.0265189243028
0.3007421875,81.0265189243028
0.30078125,84.0265189243028
0.3008203125,84.0265189243028
0.300859375,81.0265189243028
0.3008984375,77.0265189243028
0.3009375,71.0265189243028
0.3009765625,63.0265189243028
0.301015625,56.0265189243028
0.3010546875,47.0265189243028
0.30109375,39.0265189243028
0.3011328125,32.0265189243028
0.301171875,26.0265189243028
0.3012109375,19.0265189243028
0.30125,13.0265189243028
0.3012890625,8.02651892430276
0.301328125,5.02651892430276
0.3013671875,4.02651892430276
0.30140625,2.02651892430276
0.3014453125,3.02651892430276
0.301484375,1.02651892430276
0.3015234375,-3.97348107569724
0.3015625,-12.9734810756972
0.3016015625,-18.9734810756972
0.301640625,-19.9734810756972
0.3016796875,-19.9734810756972
0.30171875,-17.9734810756972
0.3017578125,-23.9734810756972
0.301796875,-33.9734810756972
0.3018359375,-35.9734810756972
0.301875,-27.9734810756972
0.3019140625,-17.9734810756972
0.301953125,-14.9734810756972
0.3019921875,-14.9734810756972
0.30203125,-19.9734810756972
0.3020703125,-22.9734810756972
0.302109375,-23.9734810756972
0.3021484375,-28.9734810756972
0.3021875,-37.9734810756972
0.3022265625,-49.9734810756972
0.302265625,-56.9734810756972
0.3023046875,-59.9734810756972
0.30234375,-58.9734810756972
0.3023828125,-59.9734810756972
0.302421875,-57.9734810756972
0.3024609375,-51.9734810756972
0.3025,-46.9734810756972
0.3025390625,-41.9734810756972
0.302578125,-35.9734810756972
0.3026171875,-28.9734810756972
0.30265625,-20.9734810756972
0.3026953125,-14.9734810756972
0.302734375,-11.9734810756972
0.3027734375,-7.97348107569724
0.3028125,-5.97348107569724
0.3028515625,-3.97348107569724
0.302890625,-1.97348107569724
0.3029296875,-1.97348107569724
0.30296875,-0.973481075697237
0.3030078125,4.02651892430276
0.303046875,13.0265189243028
0.3030859375,20.0265189243028
0.303125,26.0265189243028
0.3031640625,30.0265189243028
0.303203125,35.0265189243028
0.3032421875,40.0265189243028
0.30328125,43.0265189243028
0.3033203125,42.0265189243028
0.303359375,39.0265189243028
0.3033984375,35.0265189243028
0.3034375,32.0265189243028
0.3034765625,31.0265189243028
0.303515625,26.0265189243028
0.3035546875,21.0265189243028
0.30359375,18.0265189243028
0.3036328125,15.0265189243028
0.303671875,11.0265189243028
0.3037109375,7.02651892430276
0.30375,3.02651892430276
0.3037890625,-1.97348107569724
0.303828125,-4.97348107569724
0.3038671875,-6.97348107569724
0.30390625,-9.97348107569724
0.3039453125,-9.97348107569724
0.303984375,-7.97348107569724
0.3040234375,-8.97348107569724
0.3040625,-5.97348107569724
0.3041015625,-2.97348107569724
0.304140625,-1.97348107569724
0.3041796875,-0.973481075697237
0.30421875,-1.97348107569724
0.3042578125,-2.97348107569724
0.304296875,-2.97348107569724
0.3043359375,-1.97348107569724
0.304375,-2.97348107569724
0.3044140625,-0.973481075697237
0.304453125,2.02651892430276
0.3044921875,2.02651892430276
0.30453125,3.02651892430276
0.3045703125,5.02651892430276
0.304609375,7.02651892430276
0.3046484375,11.0265189243028
0.3046875,15.0265189243028
0.3047265625,19.0265189243028
0.304765625,19.0265189243028
0.3048046875,20.0265189243028
0.30484375,23.0265189243028
0.3048828125,24.0265189243028
0.304921875,26.0265189243028
0.3049609375,25.0265189243028
0.305,24.0265189243028
0.3050390625,21.0265189243028
0.305078125,19.0265189243028
0.3051171875,16.0265189243028
0.30515625,11.0265189243028
0.3051953125,7.02651892430276
0.305234375,5.02651892430276
0.3052734375,3.02651892430276
0.3053125,1.02651892430276
0.3053515625,-0.973481075697237
0.305390625,-1.97348107569724
0.3054296875,-3.97348107569724
0.30546875,-4.97348107569724
0.3055078125,-5.97348107569724
0.305546875,-8.97348107569724
0.3055859375,-8.97348107569724
0.305625,-8.97348107569724
0.3056640625,-9.97348107569724
0.305703125,-8.97348107569724
0.3057421875,-8.97348107569724
0.30578125,-11.9734810756972
0.3058203125,-13.9734810756972
0.305859375,-16.9734810756972
0.3058984375,-18.9734810756972
0.3059375,-20.9734810756972
0.3059765625,-21.9734810756972
0.306015625,-22.9734810756972
0.3060546875,-24.9734810756972
0.30609375,-25.9734810756972
0.3061328125,-28.9734810756972
0.306171875,-30.9734810756972
0.3062109375,-31.9734810756972
0.30625,-31.9734810756972
0.3062890625,-30.9734810756972
0.306328125,-28.9734810756972
0.3063671875,-26.9734810756972
0.30640625,-24.9734810756972
0.3064453125,-21.9734810756972
0.306484375,-17.9734810756972
0.3065234375,-12.9734810756972
0.3065625,-5.97348107569724
0.3066015625,0.0265189243027635
0.306640625,5.02651892430276
0.3066796875,9.02651892430276
0.30671875,10.0265189243028
0.3067578125,12.0265189243028
0.306796875,11.0265189243028
0.3068359375,11.0265189243028
0.306875,11.0265189243028
0.3069140625,11.0265189243028
0.306953125,12.0265189243028
0.3069921875,15.0265189243028
0.30703125,15.0265189243028
0.3070703125,16.0265189243028
0.307109375,16.0265189243028
0.3071484375,17.0265189243028
0.3071875,18.0265189243028
0.3072265625,18.0265189243028
0.307265625,19.0265189243028
0.3073046875,20.0265189243028
0.30734375,20.0265189243028
0.3073828125,16.0265189243028
0.307421875,15.0265189243028
0.3074609375,12.0265189243028
0.3075,12.0265189243028
0.3075390625,12.0265189243028
0.307578125,13.0265189243028
0.3076171875,13.0265189243028
0.30765625,10.0265189243028
0.3076953125,6.02651892430276
0.307734375,3.02651892430276
0.3077734375,-0.973481075697237
0.3078125,-1.97348107569724
0.3078515625,-2.97348107569724
0.307890625,-2.97348107569724
0.3079296875,-0.973481075697237
0.30796875,-1.97348107569724
0.3080078125,-1.97348107569724
0.308046875,-0.973481075697237
0.3080859375,0.0265189243027635
0.308125,-0.973481075697237
0.3081640625,-0.973481075697237
0.308203125,-0.973481075697237
0.3082421875,-0.973481075697237
0.30828125,-0.973481075697237
0.3083203125,-1.97348107569724
0.308359375,-3.97348107569724
0.3083984375,-8.97348107569724
0.3084375,-11.9734810756972
0.3084765625,-14.9734810756972
0.308515625,-14.9734810756972
0.3085546875,-14.9734810756972
0.30859375,-12.9734810756972
0.3086328125,-11.9734810756972
0.308671875,-9.97348107569724
0.3087109375,-8.97348107569724
0.30875,-8.97348107569724
0.3087890625,-5.97348107569724
0.308828125,-2.97348107569724
0.3088671875,-1.97348107569724
0.30890625,1.02651892430276
0.3089453125,-0.973481075697237
0.308984375,-2.97348107569724
0.3090234375,-5.97348107569724
0.3090625,-7.97348107569724
0.3091015625,-8.97348107569724
0.309140625,-8.97348107569724
0.3091796875,-5.97348107569724
0.30921875,-2.97348107569724
0.3092578125,-0.973481075697237
0.309296875,1.02651892430276
0.3093359375,2.02651892430276
0.309375,2.02651892430276
0.3094140625,3.02651892430276
0.309453125,4.02651892430276
0.3094921875,6.02651892430276
0.30953125,7.02651892430276
0.3095703125,7.02651892430276
0.309609375,7.02651892430276
0.3096484375,6.02651892430276
0.3096875,5.02651892430276
0.3097265625,4.02651892430276
0.309765625,3.02651892430276
0.3098046875,4.02651892430276
0.30984375,6.02651892430276
0.3098828125,8.02651892430276
0.309921875,11.0265189243028
0.3099609375,12.0265189243028
0.31,11.0265189243028
0.3100390625,10.0265189243028
0.310078125,8.02651892430276
0.3101171875,6.02651892430276
0.31015625,6.02651892430276
0.3101953125,7.02651892430276
0.310234375,7.02651892430276
0.3102734375,6.02651892430276
0.3103125,4.02651892430276
0.3103515625,1.02651892430276
0.310390625,-0.973481075697237
0.3104296875,-0.973481075697237
0.31046875,0.0265189243027635
0.3105078125,1.02651892430276
0.310546875,3.02651892430276
0.3105859375,4.02651892430276
0.310625,4.02651892430276
0.3106640625,2.02651892430276
0.310703125,2.02651892430276
0.3107421875,1.02651892430276
0.31078125,3.02651892430276
0.3108203125,5.02651892430276
0.310859375,4.02651892430276
0.3108984375,2.02651892430276
0.3109375,-0.973481075697237
0.3109765625,-3.97348107569724
0.311015625,-6.97348107569724
0.3110546875,-9.97348107569724
0.31109375,-12.9734810756972
0.3111328125,-13.9734810756972
0.311171875,-12.9734810756972
0.3112109375,-9.97348107569724
0.31125,-7.97348107569724
0.3112890625,-6.97348107569724
0.311328125,-6.97348107569724
0.3113671875,-5.97348107569724
0.31140625,-4.97348107569724
0.3114453125,-3.97348107569724
0.311484375,-3.97348107569724
0.3115234375,-3.97348107569724
0.3115625,-4.97348107569724
0.3116015625,-6.97348107569724
0.311640625,-7.97348107569724
0.3116796875,-7.97348107569724
0.31171875,-5.97348107569724
0.3117578125,-2.97348107569724
0.311796875,1.02651892430276
0.3118359375,5.02651892430276
0.311875,7.02651892430276
0.3119140625,7.02651892430276
0.311953125,5.02651892430276
0.3119921875,3.02651892430276
0.31203125,1.02651892430276
0.3120703125,-1.97348107569724
0.312109375,-5.97348107569724
0.3121484375,-5.97348107569724
0.3121875,-6.97348107569724
0.3122265625,-7.97348107569724
0.312265625,-7.97348107569724
0.3123046875,-6.97348107569724
0.31234375,-6.97348107569724
0.3123828125,-3.97348107569724
0.312421875,-1.97348107569724
0.3124609375,1.02651892430276
0.3125,4.02651892430276
0.3125390625,4.02651892430276
0.312578125,3.02651892430276
0.3126171875,2.02651892430276
0.31265625,1.02651892430276
0.3126953125,-1.97348107569724
0.312734375,0.0265189243027635
0.3127734375,1.02651892430276
0.3128125,3.02651892430276
0.3128515625,4.02651892430276
0.312890625,5.02651892430276
0.3129296875,5.02651892430276
0.31296875,5.02651892430276
0.3130078125,6.02651892430276
0.313046875,6.02651892430276
0.3130859375,7.02651892430276
0.313125,6.02651892430276
0.3131640625,6.02651892430276
0.313203125,3.02651892430276
0.3132421875,1.02651892430276
0.31328125,0.0265189243027635
0.3133203125,-1.97348107569724
0.313359375,-1.97348107569724
0.3133984375,0.0265189243027635
0.3134375,1.02651892430276
0.3134765625,4.02651892430276
0.313515625,4.02651892430276
0.3135546875,4.02651892430276
0.31359375,2.02651892430276
0.3136328125,-0.973481075697237
0.313671875,-1.97348107569724
0.3137109375,-1.97348107569724
0.31375,-0.973481075697237
0.3137890625,1.02651892430276
0.313828125,2.02651892430276
0.3138671875,2.02651892430276
0.31390625,2.02651892430276
0.3139453125,2.02651892430276
0.313984375,0.0265189243027635
0.3140234375,0.0265189243027635
0.3140625,0.0265189243027635
0.3141015625,1.02651892430276
0.314140625,3.02651892430276
0.3141796875,4.02651892430276
0.31421875,4.02651892430276
0.3142578125,3.02651892430276
0.314296875,3.02651892430276
0.3143359375,1.02651892430276
0.314375,0.0265189243027635
0.3144140625,-0.973481075697237
0.314453125,-0.973481075697237
0.3144921875,-1.97348107569724
0.31453125,-1.97348107569724
0.3145703125,-2.97348107569724
0.314609375,-1.97348107569724
0.3146484375,-2.97348107569724
0.3146875,-2.97348107569724
0.3147265625,-1.97348107569724
0.314765625,0.0265189243027635
0.3148046875,0.0265189243027635
0.31484375,0.0265189243027635
0.3148828125,-0.973481075697237
0.314921875,-1.97348107569724
0.3149609375,-2.97348107569724
0.315,-3.97348107569724
0.3150390625,-3.97348107569724
0.315078125,-2.97348107569724
0.3151171875,-1.97348107569724
0.31515625,-0.973481075697237
0.3151953125,1.02651892430276
0.315234375,0.0265189243027635
0.3152734375,0.0265189243027635
0.3153125,0.0265189243027635
0.3153515625,0.0265189243027635
0.315390625,0.0265189243027635
0.3154296875,1.02651892430276
0.31546875,2.02651892430276
0.3155078125,2.02651892430276
0.315546875,2.02651892430276
0.3155859375,0.0265189243027635
0.315625,-1.97348107569724
0.3156640625,-2.97348107569724
0.315703125,-2.97348107569724
0.3157421875,-5.97348107569724
0.31578125,-5.97348107569724
0.3158203125,-6.97348107569724
0.315859375,-7.97348107569724
0.3158984375,-8.97348107569724
0.3159375,-7.97348107569724
0.3159765625,-5.97348107569724
0.316015625,-2.97348107569724
0.3160546875,0.0265189243027635
0.31609375,2.02651892430276
0.3161328125,3.02651892430276
0.316171875,2.02651892430276
0.3162109375,1.02651892430276
0.31625,0.0265189243027635
0.3162890625,0.0265189243027635
0.316328125,0.0265189243027635
0.3163671875,1.02651892430276
0.31640625,2.02651892430276
0.3164453125,3.02651892430276
0.316484375,3.02651892430276
0.3165234375,4.02651892430276
0.3165625,2.02651892430276
0.3166015625,1.02651892430276
0.316640625,2.02651892430276
0.3166796875,3.02651892430276
0.31671875,4.02651892430276
0.3167578125,4.02651892430276
0.316796875,4.02651892430276
0.3168359375,4.02651892430276
0.316875,3.02651892430276
0.3169140625,3.02651892430276
0.316953125,3.02651892430276
0.3169921875,5.02651892430276
0.31703125,5.02651892430276
0.3170703125,7.02651892430276
0.317109375,6.02651892430276
0.3171484375,5.02651892430276
0.3171875,2.02651892430276
0.3172265625,1.02651892430276
0.317265625,0.0265189243027635
0.3173046875,1.02651892430276
0.31734375,2.02651892430276
0.3173828125,2.02651892430276
0.317421875,2.02651892430276
0.3174609375,2.02651892430276
0.3175,-0.973481075697237
0.3175390625,-1.97348107569724
0.317578125,-4.97348107569724
0.3176171875,-6.97348107569724
0.31765625,-3.97348107569724
0.3176953125,2.02651892430276
0.317734375,7.02651892430276
0.3177734375,9.02651892430276
0.3178125,10.0265189243028
0.3178515625,8.02651892430276
0.317890625,2.02651892430276
0.3179296875,-1.97348107569724
0.31796875,-5.97348107569724
0.3180078125,-9.97348107569724
0.318046875,-9.97348107569724
0.3180859375,-11.9734810756972
0.318125,-8.97348107569724
0.3181640625,-4.97348107569724
0.318203125,-1.97348107569724
0.3182421875,1.02651892430276
0.31828125,4.02651892430276
0.3183203125,9.02651892430276
0.318359375,14.0265189243028
0.3183984375,17.0265189243028
0.3184375,17.0265189243028
0.3184765625,18.0265189243028
0.318515625,18.0265189243028
0.3185546875,19.0265189243028
0.31859375,21.0265189243028
0.3186328125,23.0265189243028
0.318671875,23.0265189243028
0.3187109375,21.0265189243028
0.31875,15.0265189243028
0.3187890625,8.02651892430276
0.318828125,1.02651892430276
0.3188671875,-7.97348107569724
0.31890625,-14.9734810756972
0.3189453125,-20.9734810756972
0.318984375,-26.9734810756972
0.3190234375,-31.9734810756972
0.3190625,-35.9734810756972
0.3191015625,-40.9734810756972
0.319140625,-44.9734810756972
0.3191796875,-46.9734810756972
0.31921875,-48.9734810756972
0.3192578125,-47.9734810756972
0.319296875,-45.9734810756972
0.3193359375,-43.9734810756972
0.319375,-41.9734810756972
0.3194140625,-38.9734810756972
0.319453125,-34.9734810756972
0.3194921875,-32.9734810756972
0.31953125,-25.9734810756972
0.3195703125,-20.9734810756972
0.319609375,-12.9734810756972
0.3196484375,-6.97348107569724
0.3196875,0.0265189243027635
0.3197265625,6.02651892430276
0.319765625,11.0265189243028
0.3198046875,17.0265189243028
0.31984375,22.0265189243028
0.3198828125,29.0265189243028
0.319921875,34.0265189243028
0.3199609375,39.0265189243028
0.32,44.0265189243028
0.3200390625,47.0265189243028
0.320078125,47.0265189243028
0.3201171875,46.0265189243028
0.32015625,43.0265189243028
0.3201953125,38.0265189243028
0.320234375,35.0265189243028
0.3202734375,30.0265189243028
0.3203125,23.0265189243028
0.3203515625,17.0265189243028
0.320390625,12.0265189243028
0.3204296875,7.02651892430276
0.32046875,1.02651892430276
0.3205078125,-2.97348107569724
0.320546875,-5.97348107569724
0.3205859375,-5.97348107569724
0.320625,-3.97348107569724
0.3206640625,-3.97348107569724
0.320703125,-2.97348107569724
0.3207421875,-3.97348107569724
0.32078125,-4.97348107569724
0.3208203125,-5.97348107569724
0.320859375,-5.97348107569724
0.3208984375,-5.97348107569724
0.3209375,-4.97348107569724
0.3209765625,-0.973481075697237
0.321015625,2.02651892430276
0.3210546875,5.02651892430276
0.32109375,7.02651892430276
0.3211328125,10.0265189243028
0.321171875,15.0265189243028
0.3212109375,20.0265189243028
0.32125,27.0265189243028
0.3212890625,32.0265189243028
0.321328125,36.0265189243028
0.3213671875,37.0265189243028
0.32140625,33.0265189243028
0.3214453125,30.0265189243028
0.321484375,25.0265189243028
0.3215234375,21.0265189243028
0.3215625,16.0265189243028
0.3216015625,10.0265189243028
0.321640625,5.02651892430276
0.3216796875,-1.97348107569724
0.32171875,-7.97348107569724
0.3217578125,-11.9734810756972
0.321796875,-15.9734810756972
0.3218359375,-18.9734810756972
0.321875,-20.9734810756972
0.3219140625,-23.9734810756972
0.321953125,-26.9734810756972
0.3219921875,-30.9734810756972
0.32203125,-35.9734810756972
0.3220703125,-39.9734810756972
0.322109375,-42.9734810756972
0.3221484375,-44.9734810756972
0.3221875,-46.9734810756972
0.3222265625,-46.9734810756972
0.322265625,-45.9734810756972
0.3223046875,-44.9734810756972
0.32234375,-44.9734810756972
0.3223828125,-39.9734810756972
0.322421875,-31.9734810756972
0.3224609375,-20.9734810756972
0.3225,-9.97348107569724
0.3225390625,0.0265189243027635
0.322578125,8.02651892430276
0.3226171875,15.0265189243028
0.32265625,20.0265189243028
0.3226953125,24.0265189243028
0.322734375,24.0265189243028
0.3227734375,21.0265189243028
0.3228125,16.0265189243028
0.3228515625,12.0265189243028
0.322890625,8.02651892430276
0.3229296875,6.02651892430276
0.32296875,1.02651892430276
0.3230078125,-4.97348107569724
0.323046875,-4.97348107569724
0.3230859375,-6.97348107569724
0.323125,-7.97348107569724
0.3231640625,-8.97348107569724
0.323203125,-7.97348107569724
0.3232421875,-5.97348107569724
0.32328125,-2.97348107569724
0.3233203125,0.0265189243027635
0.323359375,5.02651892430276
0.3233984375,9.02651892430276
0.3234375,12.0265189243028
0.3234765625,15.0265189243028
0.323515625,19.0265189243028
0.3235546875,20.0265189243028
0.32359375,19.0265189243028
0.3236328125,18.0265189243028
0.323671875,13.0265189243028
0.3237109375,8.02651892430276
0.32375,2.02651892430276
0.3237890625,-0.973481075697237
0.323828125,-1.97348107569724
0.3238671875,-1.97348107569724
0.32390625,-1.97348107569724
0.3239453125,1.02651892430276
0.323984375,3.02651892430276
0.3240234375,4.02651892430276
0.3240625,5.02651892430276
0.3241015625,8.02651892430276
0.324140625,10.0265189243028
0.3241796875,14.0265189243028
0.32421875,18.0265189243028
0.3242578125,18.0265189243028
0.324296875,17.0265189243028
0.3243359375,14.0265189243028
0.324375,10.0265189243028
0.3244140625,8.02651892430276
0.324453125,6.02651892430276
0.3244921875,3.02651892430276
0.32453125,0.0265189243027635
0.3245703125,0.0265189243027635
0.324609375,-2.97348107569724
0.3246484375,-5.97348107569724
0.3246875,-6.97348107569724
0.3247265625,-7.97348107569724
0.324765625,-8.97348107569724
0.3248046875,-6.97348107569724
0.32484375,-3.97348107569724
0.3248828125,-0.973481075697237
0.324921875,1.02651892430276
0.3249609375,0.0265189243027635
0.325,-0.973481075697237
0.3250390625,-1.97348107569724
0.325078125,-1.97348107569724
0.3251171875,-2.97348107569724
0.32515625,-2.97348107569724
0.3251953125,-2.97348107569724
0.325234375,-2.97348107569724
0.3252734375,-3.97348107569724
0.3253125,-4.97348107569724
0.3253515625,-7.97348107569724
0.325390625,-7.97348107569724
0.3254296875,-5.97348107569724
0.32546875,-4.97348107569724
0.3255078125,-0.973481075697237
0.325546875,1.02651892430276
0.3255859375,1.02651892430276
0.325625,2.02651892430276
0.3256640625,1.02651892430276
0.325703125,1.02651892430276
0.3257421875,0.0265189243027635
0.32578125,0.0265189243027635
0.3258203125,0.0265189243027635
0.325859375,0.0265189243027635
0.3258984375,-1.97348107569724
0.3259375,-2.97348107569724
0.3259765625,-4.97348107569724
0.326015625,-3.97348107569724
0.3260546875,-0.973481075697237
0.32609375,1.02651892430276
0.3261328125,5.02651892430276
0.326171875,8.02651892430276
0.3262109375,10.0265189243028
0.32625,11.0265189243028
0.3262890625,10.0265189243028
0.326328125,9.02651892430276
0.3263671875,6.02651892430276
0.32640625,3.02651892430276
0.3264453125,2.02651892430276
0.326484375,1.02651892430276
0.3265234375,-1.97348107569724
0.3265625,-2.97348107569724
0.3266015625,-3.97348107569724
0.326640625,-5.97348107569724
0.3266796875,-7.97348107569724
0.32671875,-7.97348107569724
0.3267578125,-8.97348107569724
0.326796875,-7.97348107569724
0.3268359375,-7.97348107569724
0.326875,-8.97348107569724
0.3269140625,-9.97348107569724
0.326953125,-10.9734810756972
0.3269921875,-12.9734810756972
0.32703125,-13.9734810756972
0.3270703125,-11.9734810756972
0.327109375,-10.9734810756972
0.3271484375,-7.97348107569724
0.3271875,-4.97348107569724
0.3272265625,-2.97348107569724
0.327265625,0.0265189243027635
0.3273046875,0.0265189243027635
0.32734375,2.02651892430276
0.3273828125,2.02651892430276
0.327421875,4.02651892430276
0.3274609375,6.02651892430276
0.3275,8.02651892430276
0.3275390625,9.02651892430276
0.327578125,10.0265189243028
0.3276171875,10.0265189243028
0.32765625,9.02651892430276
0.3276953125,10.0265189243028
0.327734375,12.0265189243028
0.3277734375,12.0265189243028
0.3278125,11.0265189243028
0.3278515625,9.02651892430276
0.327890625,6.02651892430276
0.3279296875,1.02651892430276
0.32796875,-2.97348107569724
0.3280078125,-7.97348107569724
0.328046875,-10.9734810756972
0.3280859375,-12.9734810756972
0.328125,-12.9734810756972
0.3281640625,-12.9734810756972
0.328203125,-11.9734810756972
0.3282421875,-11.9734810756972
0.32828125,-10.9734810756972
0.3283203125,-9.97348107569724
0.328359375,-6.97348107569724
0.3283984375,-3.97348107569724
0.3284375,-1.97348107569724
0.3284765625,1.02651892430276
0.328515625,1.02651892430276
0.3285546875,0.0265189243027635
0.32859375,1.02651892430276
0.3286328125,1.02651892430276
0.328671875,3.02651892430276
0.3287109375,6.02651892430276
0.32875,7.02651892430276
0.3287890625,9.02651892430276
0.328828125,10.0265189243028
0.3288671875,11.0265189243028
0.32890625,12.0265189243028
0.3289453125,13.0265189243028
0.328984375,14.0265189243028
0.3290234375,14.0265189243028
0.3290625,14.0265189243028
0.3291015625,14.0265189243028
0.329140625,13.0265189243028
0.3291796875,13.0265189243028
0.32921875,12.0265189243028
0.3292578125,12.0265189243028
0.329296875,11.0265189243028
0.3293359375,10.0265189243028
0.329375,9.02651892430276
0.3294140625,7.02651892430276
0.329453125,6.02651892430276
0.3294921875,3.02651892430276
0.32953125,1.02651892430276
0.3295703125,-1.97348107569724
0.329609375,-4.97348107569724
0.3296484375,-8.97348107569724
0.3296875,-10.9734810756972
0.3297265625,-11.9734810756972
0.329765625,-12.9734810756972
0.3298046875,-13.9734810756972
0.32984375,-15.9734810756972
0.3298828125,-17.9734810756972
0.329921875,-20.9734810756972
0.3299609375,-20.9734810756972
0.33,-21.9734810756972
0.3300390625,-19.9734810756972
0.330078125,-17.9734810756972
0.3301171875,-15.9734810756972
0.33015625,-14.9734810756972
0.3301953125,-13.9734810756972
0.330234375,-11.9734810756972
0.3302734375,-9.97348107569724
0.3303125,-6.97348107569724
0.3303515625,-1.97348107569724
0.330390625,1.02651892430276
0.3304296875,4.02651892430276
0.33046875,7.02651892430276
0.3305078125,9.02651892430276
0.330546875,10.0265189243028
0.3305859375,11.0265189243028
0.330625,10.0265189243028
0.3306640625,12.0265189243028
0.330703125,13.0265189243028
0.3307421875,13.0265189243028
0.33078125,14.0265189243028
0.3308203125,13.0265189243028
0.330859375,12.0265189243028
0.3308984375,12.0265189243028
0.3309375,12.0265189243028
0.3309765625,12.0265189243028
0.331015625,12.0265189243028
0.3310546875,12.0265189243028
0.33109375,11.0265189243028
0.3311328125,9.02651892430276
0.331171875,6.02651892430276
0.3312109375,2.02651892430276
0.33125,-0.973481075697237
0.3312890625,-2.97348107569724
0.331328125,-1.97348107569724
0.3313671875,-0.973481075697237
0.33140625,-0.973481075697237
0.3314453125,-2.97348107569724
0.331484375,-3.97348107569724
0.3315234375,-4.97348107569724
0.3315625,-5.97348107569724
0.3316015625,-5.97348107569724
0.331640625,-4.97348107569724
0.3316796875,-4.97348107569724
0.33171875,-3.97348107569724
0.3317578125,-5.97348107569724
0.331796875,-7.97348107569724
0.3318359375,-8.97348107569724
0.331875,-10.9734810756972
0.3319140625,-11.9734810756972
0.331953125,-9.97348107569724
0.3319921875,-6.97348107569724
0.33203125,-4.97348107569724
0.3320703125,-3.97348107569724
0.332109375,-2.97348107569724
0.3321484375,-3.97348107569724
0.3321875,-4.97348107569724
0.3322265625,-3.97348107569724
0.332265625,-3.97348107569724
0.3323046875,-1.97348107569724
0.33234375,-0.973481075697237
0.3323828125,0.0265189243027635
0.332421875,2.02651892430276
0.3324609375,3.02651892430276
0.3325,4.02651892430276
0.3325390625,6.02651892430276
0.332578125,8.02651892430276
0.3326171875,8.02651892430276
0.33265625,10.0265189243028
0.3326953125,10.0265189243028
0.332734375,9.02651892430276
0.3327734375,8.02651892430276
0.3328125,7.02651892430276
0.3328515625,5.02651892430276
0.332890625,5.02651892430276
0.3329296875,4.02651892430276
0.33296875,4.02651892430276
0.3330078125,4.02651892430276
0.333046875,3.02651892430276
0.3330859375,2.02651892430276
0.333125,0.0265189243027635
0.3331640625,-2.97348107569724
0.333203125,-4.97348107569724
0.3332421875,-4.97348107569724
0.33328125,-3.97348107569724
0.3333203125,-3.97348107569724
0.333359375,-4.97348107569724
0.3333984375,-4.97348107569724
0.3334375,-6.97348107569724
0.3334765625,-7.97348107569724
0.333515625,-7.97348107569724
0.3335546875,-8.97348107569724
0.33359375,-7.97348107569724
0.3336328125,-5.97348107569724
0.333671875,-5.97348107569724
0.3337109375,-3.97348107569724
0.33375,-3.97348107569724
0.3337890625,-4.97348107569724
0.333828125,-4.97348107569724
0.3338671875,-4.97348107569724
0.33390625,-2.97348107569724
0.3339453125,-1.97348107569724
0.333984375,-1.97348107569724
0.3340234375,-0.973481075697237
0.3340625,0.0265189243027635
0.3341015625,0.0265189243027635
0.334140625,0.0265189243027635
0.3341796875,1.02651892430276
0.33421875,4.02651892430276
0.3342578125,6.02651892430276
0.334296875,9.02651892430276
0.3343359375,11.0265189243028
0.334375,10.0265189243028
0.3344140625,8.02651892430276
0.334453125,6.02651892430276
0.3344921875,5.02651892430276
0.33453125,6.02651892430276
0.3345703125,5.02651892430276
0.334609375,5.02651892430276
0.3346484375,6.02651892430276
0.3346875,5.02651892430276
0.3347265625,3.02651892430276
0.334765625,2.02651892430276
0.3348046875,2.02651892430276
0.33484375,1.02651892430276
0.3348828125,2.02651892430276
0.334921875,3.02651892430276
0.3349609375,3.02651892430276
0.335,3.02651892430276
0.3350390625,2.02651892430276
0.335078125,0.0265189243027635
0.3351171875,-2.97348107569724
0.33515625,-2.97348107569724
0.3351953125,-4.97348107569724
0.335234375,-3.97348107569724
0.3352734375,-2.97348107569724
0.3353125,-2.97348107569724
0.3353515625,-1.97348107569724
0.335390625,-2.97348107569724
0.3354296875,-2.97348107569724
0.33546875,-1.97348107569724
0.3355078125,-0.973481075697237
0.335546875,-0.973481075697237
0.3355859375,0.0265189243027635
0.335625,0.0265189243027635
0.3356640625,-0.973481075697237
0.335703125,-0.973481075697237
0.3357421875,-2.97348107569724
0.33578125,-4.97348107569724
0.3358203125,-5.97348107569724
0.335859375,-4.97348107569724
0.3358984375,-3.97348107569724
0.3359375,-2.97348107569724
0.3359765625,-0.973481075697237
0.336015625,0.0265189243027635
0.3360546875,-0.973481075697237
0.33609375,-2.97348107569724
0.3361328125,-2.97348107569724
0.336171875,-3.97348107569724
0.3362109375,-1.97348107569724
0.33625,-1.97348107569724
0.3362890625,-0.973481075697237
0.336328125,-0.973481075697237
0.3363671875,-1.97348107569724
0.33640625,-2.97348107569724
0.3364453125,-8.97348107569724
0.336484375,2.02651892430276
0.3365234375,31.0265189243028
0.3365625,47.0265189243028
0.3366015625,34.0265189243028
0.336640625,12.0265189243028
0.3366796875,0.0265189243027635
0.33671875,-1.97348107569724
0.3367578125,-2.97348107569724
0.336796875,-7.97348107569724
0.3368359375,-15.9734810756972
0.336875,-20.9734810756972
0.3369140625,-22.9734810756972
0.336953125,-10.9734810756972
0.3369921875,7.02651892430276
0.33703125,20.0265189243028
0.3370703125,29.0265189243028
0.337109375,40.0265189243028
0.3371484375,51.0265189243028
0.3371875,62.0265189243028
0.3372265625,64.0265189243028
0.337265625,61.0265189243028
0.3373046875,51.0265189243028
0.33734375,42.0265189243028
0.3373828125,32.0265189243028
0.337421875,22.0265189243028
0.3374609375,13.0265189243028
0.3375,-1.97348107569724
0.3375390625,-16.9734810756972
0.337578125,-26.9734810756972
0.3376171875,-36.9734810756972
0.33765625,-45.9734810756972
0.3376953125,-50.9734810756972
0.337734375,-54.9734810756972
0.3377734375,-58.9734810756972
0.3378125,-57.9734810756972
0.3378515625,-55.9734810756972
0.337890625,-57.9734810756972
0.3379296875,-63.9734810756972
0.33796875,-70.9734810756972
0.3380078125,-78.9734810756972
0.338046875,-83.9734810756972
0.3380859375,-88.9734810756972
0.338125,-91.9734810756972
0.3381640625,-93.9734810756972
0.338203125,-96.9734810756972
0.3382421875,-97.9734810756972
0.33828125,-91.9734810756972
0.3383203125,-78.9734810756972
0.338359375,-65.9734810756972
0.3383984375,-47.9734810756972
0.3384375,-29.9734810756972
0.3384765625,-12.9734810756972
0.338515625,6.02651892430276
0.3385546875,24.0265189243028
0.33859375,42.0265189243028
0.3386328125,59.0265189243028
0.338671875,73.0265189243028
0.3387109375,83.0265189243028
0.33875,90.0265189243028
0.3387890625,93.0265189243028
0.338828125,92.0265189243028
0.3388671875,88.0265189243028
0.33890625,82.0265189243028
0.3389453125,77.0265189243028
0.338984375,73.0265189243028
0.3390234375,70.0265189243028
0.3390625,69.0265189243028
0.3391015625,69.0265189243028
0.339140625,71.0265189243028
0.3391796875,71.0265189243028
0.33921875,74.0265189243028
0.3392578125,75.0265189243028
0.339296875,72.0265189243028
0.3393359375,69.0265189243028
0.339375,63.0265189243028
0.3394140625,57.0265189243028
0.339453125,51.0265189243028
0.3394921875,44.0265189243028
0.33953125,35.0265189243028
0.3395703125,27.0265189243028
0.339609375,20.0265189243028
0.3396484375,12.0265189243028
0.3396875,5.02651892430276
0.3397265625,-1.97348107569724
0.339765625,-6.97348107569724
0.3398046875,-8.97348107569724
0.33984375,-10.9734810756972
0.3398828125,-10.9734810756972
0.339921875,-10.9734810756972
0.3399609375,-9.97348107569724
0.34,-9.97348107569724
0.3400390625,-22.9734810756972
0.340078125,-17.9734810756972
0.3401171875,36.0265189243028
0.34015625,85.0265189243028
0.3401953125,77.0265189243028
0.340234375,38.0265189243028
0.3402734375,29.0265189243028
0.3403125,35.0265189243028
0.3403515625,25.0265189243028
0.340390625,2.02651892430276
0.3404296875,-30.9734810756972
0.34046875,-67.9734810756972
0.3405078125,-98.9734810756972
0.340546875,-116.973481075697
0.3405859375,-125.973481075697
0.340625,-141.973481075697
0.3406640625,-169.973481075697
0.340703125,-185.973481075697
0.3407421875,-180.973481075697
0.34078125,-167.973481075697
0.3408203125,-158.973481075697
0.340859375,-156.973481075697
0.3408984375,-150.973481075697
0.3409375,-138.973481075697
0.3409765625,-118.973481075697
0.341015625,-96.9734810756972
0.3410546875,-74.9734810756972
0.34109375,-54.9734810756972
0.3411328125,-38.9734810756972
0.341171875,-24.9734810756972
0.3412109375,-7.97348107569724
0.34125,9.02651892430276
0.3412890625,20.0265189243028
0.341328125,28.0265189243028
0.3413671875,42.0265189243028
0.34140625,62.0265189243028
0.3414453125,84.0265189243028
0.341484375,105.026518924303
0.3415234375,116.026518924303
0.3415625,122.026518924303
0.3416015625,125.026518924303
0.341640625,128.026518924303
0.3416796875,131.026518924303
0.34171875,129.026518924303
0.3417578125,118.026518924303
0.341796875,106.026518924303
0.3418359375,95.0265189243028
0.341875,83.0265189243028
0.3419140625,69.0265189243028
0.341953125,54.0265189243028
0.3419921875,38.0265189243028
0.34203125,23.0265189243028
0.3420703125,8.02651892430276
0.342109375,-4.97348107569724
0.3421484375,-11.9734810756972
0.3421875,-17.9734810756972
0.3422265625,-27.9734810756972
0.342265625,-34.9734810756972
0.3423046875,-37.9734810756972
0.34234375,-38.9734810756972
0.3423828125,-39.9734810756972
0.342421875,-40.9734810756972
0.3424609375,-41.9734810756972
0.3425,-42.9734810756972
0.3425390625,-44.9734810756972
0.342578125,-43.9734810756972
0.3426171875,-40.9734810756972
0.34265625,-33.9734810756972
0.3426953125,-28.9734810756972
0.342734375,-20.9734810756972
0.3427734375,-11.9734810756972
0.3428125,-2.97348107569724
0.3428515625,5.02651892430276
0.342890625,13.0265189243028
0.3429296875,21.0265189243028
0.34296875,29.0265189243028
0.3430078125,37.0265189243028
0.343046875,46.0265189243028
0.3430859375,55.0265189243028
0.343125,62.0265189243028
0.3431640625,66.0265189243028
0.343203125,70.0265189243028
0.3432421875,71.0265189243028
0.34328125,69.0265189243028
0.3433203125,64.0265189243028
0.343359375,58.0265189243028
0.3433984375,51.0265189243028
0.3434375,43.0265189243028
0.3434765625,32.0265189243028
0.343515625,22.0265189243028
0.3435546875,11.0265189243028
0.34359375,-2.97348107569724
0.3436328125,-14.9734810756972
0.343671875,-25.9734810756972
0.3437109375,-32.9734810756972
0.34375,-40.9734810756972
0.3437890625,-45.9734810756972
0.343828125,-48.9734810756972
0.3438671875,-52.9734810756972
0.34390625,-53.9734810756972
0.3439453125,-52.9734810756972
0.343984375,-49.9734810756972
0.3440234375,-44.9734810756972
0.3440625,-39.9734810756972
0.3441015625,-36.9734810756972
0.344140625,-31.9734810756972
0.3441796875,-26.9734810756972
0.34421875,-22.9734810756972
0.3442578125,-18.9734810756972
0.344296875,-15.9734810756972
0.3443359375,-11.9734810756972
0.344375,-6.97348107569724
0.3444140625,-3.97348107569724
0.344453125,-1.97348107569724
0.3444921875,0.0265189243027635
0.34453125,1.02651892430276
0.3445703125,2.02651892430276
0.344609375,2.02651892430276
0.3446484375,4.02651892430276
0.3446875,6.02651892430276
0.3447265625,8.02651892430276
0.344765625,8.02651892430276
0.3448046875,5.02651892430276
0.34484375,0.0265189243027635
0.3448828125,-5.97348107569724
0.344921875,-11.9734810756972
0.3449609375,-14.9734810756972
0.345,-17.9734810756972
0.3450390625,-19.9734810756972
0.345078125,-21.9734810756972
0.3451171875,-22.9734810756972
0.34515625,-23.9734810756972
0.3451953125,-24.9734810756972
0.345234375,-23.9734810756972
0.3452734375,-21.9734810756972
0.3453125,-19.9734810756972
0.3453515625,-17.9734810756972
0.345390625,-16.9734810756972
0.3454296875,-12.9734810756972
0.34546875,-10.9734810756972
0.3455078125,-8.97348107569724
0.345546875,-5.97348107569724
0.3455859375,-2.97348107569724
0.345625,2.02651892430276
0.3456640625,7.02651892430276
0.345703125,12.0265189243028
0.3457421875,17.0265189243028
0.34578125,21.0265189243028
0.3458203125,24.0265189243028
0.345859375,25.0265189243028
0.3458984375,26.0265189243028
0.3459375,28.0265189243028
0.3459765625,30.0265189243028
0.346015625,31.0265189243028
0.3460546875,31.0265189243028
0.34609375,30.0265189243028
0.3461328125,29.0265189243028
0.346171875,27.0265189243028
0.3462109375,26.0265189243028
0.34625,25.0265189243028
0.3462890625,26.0265189243028
0.346328125,26.0265189243028
0.3463671875,26.0265189243028
0.34640625,23.0265189243028
0.3464453125,16.0265189243028
0.346484375,11.0265189243028
0.3465234375,6.02651892430276
0.3465625,0.0265189243027635
0.3466015625,-3.97348107569724
0.346640625,-5.97348107569724
0.3466796875,-8.97348107569724
0.34671875,-9.97348107569724
0.3467578125,-12.9734810756972
0.346796875,-13.9734810756972
0.3468359375,-14.9734810756972
0.346875,-14.9734810756972
0.3469140625,-13.9734810756972
0.346953125,-11.9734810756972
0.3469921875,-9.97348107569724
0.34703125,-10.9734810756972
0.3470703125,-9.97348107569724
0.347109375,-7.97348107569724
0.3471484375,-6.97348107569724
0.3471875,-4.97348107569724
0.3472265625,-2.97348107569724
0.347265625,-2.97348107569724
0.3473046875,-1.97348107569724
0.34734375,-0.973481075697237
0.3473828125,-1.97348107569724
0.347421875,-2.97348107569724
0.3474609375,-5.97348107569724
0.3475,-8.97348107569724
0.3475390625,-9.97348107569724
0.347578125,-10.9734810756972
0.3476171875,-8.97348107569724
0.34765625,-7.97348107569724
0.3476953125,-7.97348107569724
0.347734375,-7.97348107569724
0.3477734375,-8.97348107569724
0.3478125,-9.97348107569724
0.3478515625,-10.9734810756972
0.347890625,-10.9734810756972
0.3479296875,-10.9734810756972
0.34796875,-13.9734810756972
0.3480078125,-13.9734810756972
0.348046875,-15.9734810756972
0.3480859375,-17.9734810756972
0.348125,-18.9734810756972
0.3481640625,-16.9734810756972
0.348203125,-12.9734810756972
0.3482421875,-6.97348107569724
0.34828125,-0.973481075697237
0.3483203125,5.02651892430276
0.348359375,11.0265189243028
0.3483984375,17.0265189243028
0.3484375,20.0265189243028
0.3484765625,23.0265189243028
0.348515625,24.0265189243028
0.3485546875,24.0265189243028
0.34859375,25.0265189243028
0.3486328125,26.0265189243028
0.348671875,25.0265189243028
0.3487109375,23.0265189243028
0.34875,20.0265189243028
0.3487890625,18.0265189243028
0.348828125,16.0265189243028
0.3488671875,16.0265189243028
0.34890625,16.0265189243028
0.3489453125,16.0265189243028
0.348984375,15.0265189243028
0.3490234375,14.0265189243028
0.3490625,9.02651892430276
0.3491015625,6.02651892430276
0.349140625,3.02651892430276
0.3491796875,1.02651892430276
0.34921875,0.0265189243027635
0.3492578125,1.02651892430276
0.349296875,0.0265189243027635
0.3493359375,-0.973481075697237
0.349375,-1.97348107569724
0.3494140625,-3.97348107569724
0.349453125,-4.97348107569724
0.3494921875,-6.97348107569724
0.34953125,-5.97348107569724
0.3495703125,-5.97348107569724
0.349609375,-6.97348107569724
0.3496484375,-5.97348107569724
0.3496875,-4.97348107569724
0.3497265625,-3.97348107569724
0.349765625,-3.97348107569724
0.3498046875,-2.97348107569724
0.34984375,-2.97348107569724
0.3498828125,-2.97348107569724
0.349921875,-1.97348107569724
0.3499609375,-2.97348107569724
0.35,-0.973481075697237
0.3500390625,-0.973481075697237
0.350078125,-2.97348107569724
0.3501171875,-4.97348107569724
0.35015625,-5.97348107569724
0.3501953125,-5.97348107569724
0.350234375,-3.97348107569724
0.3502734375,-2.97348107569724
0.3503125,-2.97348107569724
0.3503515625,-4.97348107569724
0.350390625,-6.97348107569724
0.3504296875,-6.97348107569724
0.35046875,-6.97348107569724
0.3505078125,-6.97348107569724
0.350546875,-5.97348107569724
0.3505859375,-5.97348107569724
0.350625,-6.97348107569724
0.3506640625,-8.97348107569724
0.350703125,-8.97348107569724
0.3507421875,-10.9734810756972
0.35078125,-12.9734810756972
0.3508203125,-12.9734810756972
0.350859375,-12.9734810756972
0.3508984375,-11.9734810756972
0.3509375,-11.9734810756972
0.3509765625,-11.9734810756972
0.351015625,-12.9734810756972
0.3510546875,-13.9734810756972
0.35109375,-13.9734810756972
0.3511328125,-12.9734810756972
0.351171875,-11.9734810756972
0.3512109375,-9.97348107569724
0.35125,-7.97348107569724
0.3512890625,-4.97348107569724
0.351328125,-2.97348107569724
0.3513671875,0.0265189243027635
0.35140625,2.02651892430276
0.3514453125,5.02651892430276
0.351484375,7.02651892430276
0.3515234375,11.0265189243028
0.3515625,14.0265189243028
0.3516015625,15.0265189243028
0.351640625,18.0265189243028
0.3516796875,17.0265189243028
0.35171875,16.0265189243028
0.3517578125,16.0265189243028
0.351796875,15.0265189243028
0.3518359375,14.0265189243028
0.351875,13.0265189243028
0.3519140625,12.0265189243028
0.351953125,11.0265189243028
0.3519921875,8.02651892430276
0.35203125,6.02651892430276
0.3520703125,4.02651892430276
0.352109375,2.02651892430276
0.3521484375,2.02651892430276
0.3521875,1.02651892430276
0.3522265625,0.0265189243027635
0.352265625,-0.973481075697237
0.3523046875,-1.97348107569724
0.35234375,-2.97348107569724
0.3523828125,-2.97348107569724
0.352421875,-2.97348107569724
0.3524609375,-0.973481075697237
0.3525,-0.973481075697237
0.3525390625,1.02651892430276
0.352578125,3.02651892430276
0.3526171875,5.02651892430276
0.35265625,5.02651892430276
0.3526953125,6.02651892430276
0.352734375,7.02651892430276
0.3527734375,8.02651892430276
0.3528125,11.0265189243028
0.3528515625,13.0265189243028
0.352890625,15.0265189243028
0.3529296875,15.0265189243028
0.35296875,14.0265189243028
0.3530078125,13.0265189243028
0.353046875,11.0265189243028
0.3530859375,10.0265189243028
0.353125,7.02651892430276
0.3531640625,6.02651892430276
0.353203125,3.02651892430276
0.3532421875,1.02651892430276
0.35328125,-1.97348107569724
0.3533203125,-5.97348107569724
0.353359375,-9.97348107569724
0.3533984375,-10.9734810756972
0.3534375,-11.9734810756972
0.3534765625,-13.9734810756972
0.353515625,-12.9734810756972
0.3535546875,-12.9734810756972
0.35359375,-12.9734810756972
0.3536328125,-12.9734810756972
0.353671875,-13.9734810756972
0.3537109375,-15.9734810756972
0.35375,-15.9734810756972
0.3537890625,-14.9734810756972
0.353828125,-14.9734810756972
0.3538671875,-13.9734810756972
0.35390625,-13.9734810756972
0.3539453125,-14.9734810756972
0.353984375,-16.9734810756972
0.3540234375,-17.9734810756972
0.3540625,-17.9734810756972
0.3541015625,-15.9734810756972
0.354140625,-13.9734810756972
0.3541796875,-8.97348107569724
0.35421875,-4.97348107569724
0.3542578125,-1.97348107569724
0.354296875,1.02651892430276
0.3543359375,6.02651892430276
0.354375,9.02651892430276
0.3544140625,13.0265189243028
0.354453125,14.0265189243028
0.3544921875,16.0265189243028
0.35453125,17.0265189243028
0.3545703125,17.0265189243028
0.354609375,15.0265189243028
0.3546484375,13.0265189243028
0.3546875,11.0265189243028
0.3547265625,11.0265189243028
0.354765625,12.0265189243028
0.3548046875,14.0265189243028
0.35484375,17.0265189243028
0.3548828125,18.0265189243028
0.354921875,16.0265189243028
0.3549609375,14.0265189243028
0.355,10.0265189243028
0.3550390625,7.02651892430276
0.355078125,1.02651892430276
0.3551171875,-3.97348107569724
0.35515625,-8.97348107569724
0.3551953125,-13.9734810756972
0.355234375,-16.9734810756972
0.3552734375,-19.9734810756972
0.3553125,-19.9734810756972
0.3553515625,-19.9734810756972
0.355390625,-18.9734810756972
0.3554296875,-16.9734810756972
0.35546875,-14.9734810756972
0.3555078125,1.02651892430276
0.355546875,16.0265189243028
0.3555859375,24.0265189243028
0.355625,26.0265189243028
0.3556640625,22.0265189243028
0.355703125,17.0265189243028
0.3557421875,14.0265189243028
0.35578125,12.0265189243028
0.3558203125,13.0265189243028
0.355859375,13.0265189243028
0.3558984375,12.0265189243028
0.3559375,12.0265189243028
0.3559765625,14.0265189243028
0.356015625,17.0265189243028
0.3560546875,22.0265189243028
0.35609375,27.0265189243028
0.3561328125,32.0265189243028
0.356171875,31.0265189243028
0.3562109375,27.0265189243028
0.35625,24.0265189243028
0.3562890625,21.0265189243028
0.356328125,19.0265189243028
0.3563671875,19.0265189243028
0.35640625,23.0265189243028
0.3564453125,29.0265189243028
0.356484375,35.0265189243028
0.3565234375,37.0265189243028
0.3565625,39.0265189243028
0.3566015625,37.0265189243028
0.356640625,35.0265189243028
0.3566796875,31.0265189243028
0.35671875,24.0265189243028
0.3567578125,15.0265189243028
0.356796875,3.02651892430276
0.3568359375,-11.9734810756972
0.356875,-21.9734810756972
0.3569140625,-24.9734810756972
0.356953125,-31.9734810756972
0.3569921875,-42.9734810756972
0.35703125,-58.9734810756972
0.3570703125,-79.9734810756972
0.357109375,-100.973481075697
0.3571484375,-123.973481075697
0.3571875,-143.973481075697
0.3572265625,-161.973481075697
0.357265625,-178.973481075697
0.3573046875,-194.973481075697
0.35734375,-205.973481075697
0.3573828125,-208.973481075697
0.357421875,-206.973481075697
0.3574609375,-197.973481075697
0.3575,-184.973481075697
0.3575390625,-167.973481075697
0.357578125,-145.973481075697
0.3576171875,-119.973481075697
0.35765625,-88.9734810756972
0.3576953125,-57.9734810756972
0.357734375,-22.9734810756972
0.3577734375,13.0265189243028
0.3578125,47.0265189243028
0.3578515625,78.0265189243028
0.357890625,106.026518924303
0.3579296875,130.026518924303
0.35796875,150.026518924303
0.3580078125,167.026518924303
0.358046875,181.026518924303
0.3580859375,195.026518924303
0.358125,204.026518924303
0.3581640625,207.026518924303
0.358203125,207.026518924303
0.3582421875,203.026518924303
0.35828125,195.026518924303
0.3583203125,185.026518924303
0.358359375,171.026518924303
0.3583984375,154.026518924303
0.3584375,138.026518924303
0.3584765625,118.026518924303
0.358515625,99.0265189243028
0.3585546875,82.0265189243028
0.35859375,65.0265189243028
0.3586328125,48.0265189243028
0.358671875,34.0265189243028
0.3587109375,25.0265189243028
0.35875,14.0265189243028
0.3587890625,3.02651892430276
0.358828125,-6.97348107569724
0.3588671875,-14.9734810756972
0.35890625,-22.9734810756972
0.3589453125,-26.9734810756972
0.358984375,-27.9734810756972
0.3590234375,-23.9734810756972
0.3590625,-19.9734810756972
0.3591015625,-14.9734810756972
0.359140625,-8.97348107569724
0.3591796875,-1.97348107569724
0.35921875,2.02651892430276
0.3592578125,7.02651892430276
0.359296875,10.0265189243028
0.3593359375,11.0265189243028
0.359375,11.0265189243028
0.3594140625,9.02651892430276
0.359453125,6.02651892430276
0.3594921875,2.02651892430276
0.35953125,-2.97348107569724
0.3595703125,-8.97348107569724
0.359609375,-14.9734810756972
0.3596484375,-18.9734810756972
0.3596875,-24.9734810756972
0.3597265625,-30.9734810756972
0.359765625,-37.9734810756972
0.3598046875,-48.9734810756972
0.35984375,-39.9734810756972
0.3598828125,-18.9734810756972
0.359921875,-14.9734810756972
0.3599609375,-17.9734810756972
0.36,-24.9734810756972
0.3600390625,-40.9734810756972
0.360078125,-59.9734810756972
0.3601171875,-79.9734810756972
0.36015625,-99.9734810756972
0.3601953125,-116.973481075697
0.360234375,-137.973481075697
0.3602734375,-156.973481075697
0.3603125,-173.973481075697
0.3603515625,-184.973481075697
0.360390625,-192.973481075697
0.3604296875,-196.973481075697
0.36046875,-193.973481075697
0.3605078125,-183.973481075697
0.360546875,-171.973481075697
0.3605859375,-153.973481075697
0.360625,-128.973481075697
0.3606640625,-103.973481075697
0.360703125,-75.9734810756972
0.3607421875,-43.9734810756972
0.36078125,-13.9734810756972
0.3608203125,15.0265189243028
0.360859375,44.0265189243028
0.3608984375,72.0265189243028
0.3609375,96.0265189243028
0.3609765625,115.026518924303
0.361015625,134.026518924303
0.3610546875,150.026518924303
0.36109375,158.026518924303
0.3611328125,163.026518924303
0.361171875,162.026518924303
0.3612109375,158.026518924303
0.36125,154.026518924303
0.3612890625,147.026518924303
0.361328125,135.026518924303
0.3613671875,118.026518924303
0.36140625,97.0265189243028
0.3614453125,76.0265189243028
0.361484375,57.0265189243028
0.3615234375,41.0265189243028
0.3615625,25.0265189243028
0.3616015625,10.0265189243028
0.361640625,-3.97348107569724
0.3616796875,-15.9734810756972
0.36171875,-25.9734810756972
0.3617578125,-32.9734810756972
0.361796875,-38.9734810756972
0.3618359375,-44.9734810756972
0.361875,-48.9734810756972
0.3619140625,-49.9734810756972
0.361953125,-48.9734810756972
0.3619921875,-44.9734810756972
0.36203125,-39.9734810756972
0.3620703125,-32.9734810756972
0.362109375,-25.9734810756972
0.3621484375,-16.9734810756972
0.3621875,-5.97348107569724
0.3622265625,4.02651892430276
0.362265625,14.0265189243028
0.3623046875,23.0265189243028
0.36234375,31.0265189243028
0.3623828125,38.0265189243028
0.362421875,42.0265189243028
0.3624609375,46.0265189243028
0.3625,48.0265189243028
0.3625390625,49.0265189243028
0.362578125,50.0265189243028
0.3626171875,49.0265189243028
0.36265625,48.0265189243028
0.3626953125,46.0265189243028
0.362734375,42.0265189243028
0.3627734375,39.0265189243028
0.3628125,35.0265189243028
0.3628515625,32.0265189243028
0.362890625,31.0265189243028
0.3629296875,31.0265189243028
0.36296875,29.0265189243028
0.3630078125,27.0265189243028
0.363046875,21.0265189243028
0.3630859375,14.0265189243028
0.363125,7.02651892430276
0.3631640625,-1.97348107569724
0.363203125,-11.9734810756972
0.3632421875,-16.9734810756972
0.36328125,-23.9734810756972
0.3633203125,-30.9734810756972
0.363359375,-36.9734810756972
0.3633984375,-41.9734810756972
0.3634375,-45.9734810756972
0.3634765625,-48.9734810756972
0.363515625,-50.9734810756972
0.3635546875,-50.9734810756972
0.36359375,-50.9734810756972
0.3636328125,-49.9734810756972
0.363671875,-47.9734810756972
0.3637109375,-45.9734810756972
0.36375,-41.9734810756972
0.3637890625,-38.9734810756972
0.363828125,-34.9734810756972
0.3638671875,-28.9734810756972
0.36390625,-22.9734810756972
0.3639453125,-16.9734810756972
0.363984375,-11.9734810756972
0.3640234375,-7.97348107569724
0.3640625,-2.97348107569724
0.3641015625,1.02651892430276
0.364140625,5.02651892430276
0.3641796875,10.0265189243028
0.36421875,13.0265189243028
0.3642578125,15.0265189243028
0.364296875,15.0265189243028
0.3643359375,14.0265189243028
0.364375,11.0265189243028
0.3644140625,6.02651892430276
0.364453125,2.02651892430276
0.3644921875,0.0265189243027635
0.36453125,-1.97348107569724
0.3645703125,-3.97348107569724
0.364609375,-5.97348107569724
0.3646484375,-7.97348107569724
0.3646875,-11.9734810756972
0.3647265625,-15.9734810756972
0.364765625,-18.9734810756972
0.3648046875,-20.9734810756972
0.36484375,-23.9734810756972
0.3648828125,-23.9734810756972
0.364921875,-21.9734810756972
0.3649609375,-19.9734810756972
0.365,-17.9734810756972
0.3650390625,-15.9734810756972
0.365078125,-14.9734810756972
0.3651171875,-10.9734810756972
0.36515625,-6.97348107569724
0.3651953125,-1.97348107569724
0.365234375,4.02651892430276
0.3652734375,8.02651892430276
0.3653125,12.0265189243028
0.3653515625,14.0265189243028
0.365390625,17.0265189243028
0.3654296875,20.0265189243028
0.36546875,22.0265189243028
0.3655078125,25.0265189243028
0.365546875,27.0265189243028
0.3655859375,30.0265189243028
0.365625,30.0265189243028
0.3656640625,29.0265189243028
0.365703125,29.0265189243028
0.3657421875,29.0265189243028
0.36578125,26.0265189243028
0.3658203125,25.0265189243028
0.365859375,25.0265189243028
0.3658984375,23.0265189243028
0.3659375,20.0265189243028
0.3659765625,17.0265189243028
0.366015625,12.0265189243028
0.3660546875,7.02651892430276
0.36609375,3.02651892430276
0.3661328125,-2.97348107569724
0.366171875,-6.97348107569724
0.3662109375,-10.9734810756972
0.36625,-13.9734810756972
0.3662890625,-17.9734810756972
0.366328125,-22.9734810756972
0.3663671875,-28.9734810756972
0.36640625,-29.9734810756972
0.3664453125,-29.9734810756972
0.366484375,-28.9734810756972
0.3665234375,-27.9734810756972
0.3665625,-27.9734810756972
0.3666015625,-27.9734810756972
0.366640625,-25.9734810756972
0.3666796875,-26.9734810756972
0.36671875,-28.9734810756972
0.3667578125,-28.9734810756972
0.366796875,-27.9734810756972
0.3668359375,-25.9734810756972
0.366875,-22.9734810756972
0.3669140625,-18.9734810756972
0.366953125,-14.9734810756972
0.3669921875,-9.97348107569724
0.36703125,-4.97348107569724
0.3670703125,2.02651892430276
0.367109375,10.0265189243028
0.3671484375,18.0265189243028
0.3671875,25.0265189243028
0.3672265625,31.0265189243028
0.367265625,38.0265189243028
0.3673046875,41.0265189243028
0.36734375,44.0265189243028
0.3673828125,46.0265189243028
0.367421875,46.0265189243028
0.3674609375,48.0265189243028
0.3675,48.0265189243028
0.3675390625,46.0265189243028
0.367578125,42.0265189243028
0.3676171875,35.0265189243028
0.36765625,28.0265189243028
0.3676953125,21.0265189243028
0.367734375,15.0265189243028
0.3677734375,10.0265189243028
0.3678125,7.02651892430276
0.3678515625,5.02651892430276
0.367890625,3.02651892430276
0.3679296875,-0.973481075697237
0.36796875,-2.97348107569724
0.3680078125,-6.97348107569724
0.368046875,-6.97348107569724
0.3680859375,-8.97348107569724
0.368125,-10.9734810756972
0.3681640625,-11.9734810756972
0.368203125,-13.9734810756972
0.3682421875,-15.9734810756972
0.36828125,-16.9734810756972
0.3683203125,-17.9734810756972
0.368359375,-18.9734810756972
0.3683984375,-18.9734810756972
0.3684375,-16.9734810756972
0.3684765625,-17.9734810756972
0.368515625,-16.9734810756972
0.3685546875,-16.9734810756972
0.36859375,-16.9734810756972
0.3686328125,-15.9734810756972
0.368671875,-15.9734810756972
0.3687109375,-14.9734810756972
0.36875,-9.97348107569724
0.3687890625,-5.97348107569724
0.368828125,-2.97348107569724
0.3688671875,-0.973481075697237
0.36890625,1.02651892430276
0.3689453125,2.02651892430276
0.368984375,5.02651892430276
0.3690234375,6.02651892430276
0.3690625,6.02651892430276
0.3691015625,8.02651892430276
0.369140625,9.02651892430276
0.3691796875,10.0265189243028
0.36921875,9.02651892430276
0.3692578125,6.02651892430276
0.369296875,4.02651892430276
0.3693359375,2.02651892430276
0.369375,-0.973481075697237
0.3694140625,-2.97348107569724
0.369453125,-4.97348107569724
0.3694921875,-5.97348107569724
0.36953125,-5.97348107569724
0.3695703125,-4.97348107569724
0.369609375,-2.97348107569724
0.3696484375,-0.973481075697237
0.3696875,2.02651892430276
0.3697265625,5.02651892430276
0.369765625,7.02651892430276
0.3698046875,8.02651892430276
0.36984375,8.02651892430276
0.3698828125,4.02651892430276
0.369921875,-0.973481075697237
0.3699609375,-5.97348107569724
0.37,-11.9734810756972
0.3700390625,-15.9734810756972
0.370078125,-19.9734810756972
0.3701171875,-22.9734810756972
0.37015625,-22.9734810756972
0.3701953125,-22.9734810756972
0.370234375,-22.9734810756972
0.3702734375,-20.9734810756972
0.3703125,-17.9734810756972
0.3703515625,-12.9734810756972
0.370390625,-7.97348107569724
0.3704296875,-2.97348107569724
0.37046875,2.02651892430276
0.3705078125,5.02651892430276
0.370546875,7.02651892430276
0.3705859375,7.02651892430276
0.370625,5.02651892430276
0.3706640625,3.02651892430276
0.370703125,3.02651892430276
0.3707421875,3.02651892430276
0.37078125,4.02651892430276
0.3708203125,4.02651892430276
0.370859375,4.02651892430276
0.3708984375,5.02651892430276
0.3709375,6.02651892430276
0.3709765625,6.02651892430276
0.371015625,7.02651892430276
0.3710546875,9.02651892430276
0.37109375,10.0265189243028
0.3711328125,12.0265189243028
0.371171875,12.0265189243028
0.3712109375,13.0265189243028
0.37125,14.0265189243028
0.3712890625,13.0265189243028
0.371328125,14.0265189243028
0.3713671875,14.0265189243028
0.37140625,14.0265189243028
0.3714453125,14.0265189243028
0.371484375,13.0265189243028
0.3715234375,9.02651892430276
0.3715625,4.02651892430276
0.3716015625,-2.97348107569724
0.371640625,-7.97348107569724
0.3716796875,-10.9734810756972
0.37171875,-9.97348107569724
0.3717578125,-8.97348107569724
0.371796875,-7.97348107569724
0.3718359375,-5.97348107569724
0.371875,-5.97348107569724
0.3719140625,-4.97348107569724
0.371953125,-4.97348107569724
0.3719921875,-5.97348107569724
0.37203125,-5.97348107569724
0.3720703125,-4.97348107569724
0.372109375,-4.97348107569724
0.3721484375,-5.97348107569724
0.3721875,-5.97348107569724
0.3722265625,-4.97348107569724
0.372265625,-1.97348107569724
0.3723046875,2.02651892430276
0.37234375,7.02651892430276
0.3723828125,11.0265189243028
0.372421875,18.0265189243028
0.3724609375,20.0265189243028
0.3725,20.0265189243028
0.3725390625,20.0265189243028
0.372578125,18.0265189243028
0.3726171875,15.0265189243028
0.37265625,13.0265189243028
0.3726953125,13.0265189243028
0.372734375,10.0265189243028
0.3727734375,8.02651892430276
0.3728125,2.02651892430276
0.3728515625,-2.97348107569724
0.372890625,-7.97348107569724
0.3729296875,-10.9734810756972
0.37296875,-13.9734810756972
0.3730078125,-14.9734810756972
0.373046875,-15.9734810756972
0.3730859375,-13.9734810756972
0.373125,-14.9734810756972
0.3731640625,-15.9734810756972
0.373203125,-14.9734810756972
0.3732421875,-13.9734810756972
0.37328125,-13.9734810756972
0.3733203125,-12.9734810756972
0.373359375,-9.97348107569724
0.3733984375,-9.97348107569724
0.3734375,-8.97348107569724
0.3734765625,-9.97348107569724
0.373515625,-11.9734810756972
0.3735546875,-12.9734810756972
0.37359375,-13.9734810756972
0.3736328125,-13.9734810756972
0.373671875,-11.9734810756972
0.3737109375,-8.97348107569724
0.37375,-7.97348107569724
0.3737890625,-5.97348107569724
0.373828125,-4.97348107569724
0.3738671875,-0.973481075697237
0.37390625,4.02651892430276
0.3739453125,10.0265189243028
0.373984375,17.0265189243028
0.3740234375,21.0265189243028
0.3740625,23.0265189243028
0.3741015625,23.0265189243028
0.374140625,24.0265189243028
0.3741796875,22.0265189243028
0.37421875,20.0265189243028
0.3742578125,16.0265189243028
0.374296875,13.0265189243028
0.3743359375,10.0265189243028
0.374375,8.02651892430276
0.3744140625,6.02651892430276
0.374453125,6.02651892430276
0.3744921875,4.02651892430276
0.37453125,4.02651892430276
0.3745703125,3.02651892430276
0.374609375,2.02651892430276
0.3746484375,2.02651892430276
0.3746875,-0.973481075697237
0.3747265625,-2.97348107569724
0.374765625,-6.97348107569724
0.3748046875,-12.9734810756972
0.37484375,-18.9734810756972
0.3748828125,-21.9734810756972
0.374921875,-24.9734810756972
0.3749609375,-25.9734810756972
0.375,-26.9734810756972
0.3750390625,-24.9734810756972
0.375078125,-22.9734810756972
0.3751171875,-22.9734810756972
0.37515625,-19.9734810756972
0.3751953125,-15.9734810756972
0.375234375,-4.97348107569724
0.3752734375,27.0265189243028
0.3753125,51.0265189243028
0.3753515625,55.0265189243028
0.375390625,48.0265189243028
0.3754296875,38.0265189243028
0.37546875,33.0265189243028
0.3755078125,26.0265189243028
0.375546875,17.0265189243028
0.3755859375,14.0265189243028
0.375625,20.0265189243028
0.3756640625,30.0265189243028
0.375703125,37.0265189243028
0.3757421875,38.0265189243028
0.37578125,43.0265189243028
0.3758203125,54.0265189243028
0.375859375,66.0265189243028
0.3758984375,70.0265189243028
0.3759375,67.0265189243028
0.3759765625,60.0265189243028
0.376015625,53.0265189243028
0.3760546875,46.0265189243028
0.37609375,44.0265189243028
0.3761328125,42.0265189243028
0.376171875,40.0265189243028
0.3762109375,32.0265189243028
0.37625,22.0265189243028
0.3762890625,10.0265189243028
0.376328125,-1.97348107569724
0.3763671875,-16.9734810756972
0.37640625,-33.9734810756972
0.3764453125,-55.9734810756972
0.376484375,-80.9734810756972
0.3765234375,-91.9734810756972
0.3765625,-92.9734810756972
0.3766015625,-95.9734810756972
0.376640625,-100.973481075697
0.3766796875,-103.973481075697
0.37671875,-108.973481075697
0.3767578125,-114.973481075697
0.376796875,-121.973481075697
0.3768359375,-130.973481075697
0.376875,-135.973481075697
0.3769140625,-136.973481075697
0.376953125,-137.973481075697
0.3769921875,-138.973481075697
0.37703125,-141.973481075697
0.3770703125,-136.973481075697
0.377109375,-128.973481075697
0.3771484375,-117.973481075697
0.3771875,-103.973481075697
0.3772265625,-86.9734810756972
0.377265625,-71.9734810756972
0.3773046875,-54.9734810756972
0.37734375,-36.9734810756972
0.3773828125,-15.9734810756972
0.377421875,7.02651892430276
0.3774609375,28.0265189243028
0.3775,49.0265189243028
0.3775390625,64.0265189243028
0.377578125,80.0265189243028
0.3776171875,95.0265189243028
0.37765625,108.026518924303
0.3776953125,114.026518924303
0.377734375,117.026518924303
0.3777734375,117.026518924303
0.3778125,119.026518924303
0.3778515625,121.026518924303
0.377890625,124.026518924303
0.3779296875,125.026518924303
0.37796875,124.026518924303
0.3780078125,122.026518924303
0.378046875,118.026518924303
0.3780859375,112.026518924303
0.378125,109.026518924303
0.3781640625,107.026518924303
0.378203125,103.026518924303
0.3782421875,99.0265189243028
0.37828125,93.0265189243028
0.3783203125,85.0265189243028
0.378359375,78.0265189243028
0.3783984375,72.0265189243028
0.3784375,64.0265189243028
0.3784765625,57.0265189243028
0.378515625,49.0265189243028
0.3785546875,44.0265189243028
0.37859375,40.0265189243028
0.3786328125,35.0265189243028
0.378671875,33.0265189243028
0.3787109375,31.0265189243028
0.37875,34.0265189243028
0.3787890625,53.0265189243028
0.378828125,65.0265189243028
0.3788671875,68.0265189243028
0.37890625,70.0265189243028
0.3789453125,73.0265189243028
0.378984375,77.0265189243028
0.3790234375,77.0265189243028
0.3790625,72.0265189243028
0.3791015625,81.0265189243028
0.379140625,71.0265189243028
0.3791796875,38.0265189243028
0.37921875,7.02651892430276
0.3792578125,-32.9734810756972
0.379296875,-74.9734810756972
0.3793359375,-117.973481075697
0.379375,-158.973481075697
0.3794140625,-193.973481075697
0.379453125,-217.973481075697
0.3794921875,-243.973481075697
0.37953125,-266.973481075697
0.3795703125,-283.973481075697
0.379609375,-288.973481075697
0.3796484375,-287.973481075697
0.3796875,-289.973481075697
0.3797265625,-288.973481075697
0.379765625,-279.973481075697
0.3798046875,-263.973481075697
0.37984375,-238.973481075697
0.3798828125,-203.973481075697
0.379921875,-164.973481075697
0.3799609375,-124.973481075697
0.38,-88.9734810756972
0.3800390625,-49.9734810756972
0.380078125,-8.97348107569724
0.3801171875,32.0265189243028
0.38015625,69.0265189243028
0.3801953125,103.026518924303
0.380234375,135.026518924303
0.3802734375,169.026518924303
0.3803125,198.026518924303
0.3803515625,223.026518924303
0.380390625,242.026518924303
0.3804296875,253.026518924303
0.38046875,255.026518924303
0.3805078125,245.026518924303
0.380546875,226.026518924303
0.3805859375,203.026518924303
0.380625,175.026518924303
0.3806640625,143.026518924303
0.380703125,113.026518924303
0.3807421875,80.0265189243028
0.38078125,47.0265189243028
0.3808203125,17.0265189243028
0.380859375,-4.97348107569724
0.3808984375,-25.9734810756972
0.3809375,-42.9734810756972
0.3809765625,-57.9734810756972
0.381015625,-71.9734810756972
0.3810546875,-83.9734810756972
0.38109375,-94.9734810756972
0.3811328125,-98.9734810756972
0.381171875,-99.9734810756972
0.3812109375,-103.973481075697
0.38125,-106.973481075697
0.3812890625,-108.973481075697
0.381328125,-107.973481075697
0.3813671875,-105.973481075697
0.38140625,-99.9734810756972
0.3814453125,-89.9734810756972
0.381484375,-76.9734810756972
0.3815234375,-62.9734810756972
0.3815625,-44.9734810756972
0.3816015625,-22.9734810756972
0.381640625,1.02651892430276
0.3816796875,28.0265189243028
0.38171875,53.0265189243028
0.3817578125,77.0265189243028
0.381796875,100.026518924303
0.3818359375,118.026518924303
0.381875,132.026518924303
0.3819140625,143.026518924303
0.381953125,150.026518924303
0.3819921875,153.026518924303
0.38203125,152.026518924303
0.3820703125,146.026518924303
0.382109375,138.026518924303
0.3821484375,127.026518924303
0.3821875,113.026518924303
0.3822265625,96.0265189243028
0.382265625,75.0265189243028
0.3823046875,51.0265189243028
0.38234375,30.0265189243028
0.3823828125,9.02651892430276
0.382421875,-7.97348107569724
0.3824609375,-24.9734810756972
0.3825,-40.9734810756972
0.3825390625,-53.9734810756972
0.382578125,-64.9734810756972
0.3826171875,-74.9734810756972
0.38265625,-83.9734810756972
0.3826953125,-89.9734810756972
0.382734375,-93.9734810756972
0.3827734375,-93.9734810756972
0.3828125,-92.9734810756972
0.3828515625,-86.9734810756972
0.382890625,-77.9734810756972
0.3829296875,-68.9734810756972
0.38296875,-58.9734810756972
0.3830078125,-49.9734810756972
0.383046875,-39.9734810756972
0.3830859375,-27.9734810756972
0.383125,-17.9734810756972
0.3831640625,-7.97348107569724
0.383203125,2.02651892430276
0.3832421875,11.0265189243028
0.38328125,20.0265189243028
0.3833203125,26.0265189243028
0.383359375,30.0265189243028
0.3833984375,32.0265189243028
0.3834375,32.0265189243028
0.3834765625,28.0265189243028
0.383515625,22.0265189243028
0.3835546875,13.0265189243028
0.38359375,5.02651892430276
0.3836328125,-3.97348107569724
0.383671875,-12.9734810756972
0.3837109375,-19.9734810756972
0.38375,-24.9734810756972
0.3837890625,-28.9734810756972
0.383828125,-32.9734810756972
0.3838671875,-34.9734810756972
0.38390625,-35.9734810756972
0.3839453125,-38.9734810756972
0.383984375,-39.9734810756972
0.3840234375,-41.9734810756972
0.3840625,-39.9734810756972
0.3841015625,-36.9734810756972
0.384140625,-32.9734810756972
0.3841796875,-27.9734810756972
0.38421875,-24.9734810756972
0.3842578125,-20.9734810756972
0.384296875,-17.9734810756972
0.3843359375,-14.9734810756972
0.384375,-9.97348107569724
0.3844140625,-5.97348107569724
0.384453125,-3.97348107569724
0.3844921875,0.0265189243027635
0.38453125,2.02651892430276
0.3845703125,6.02651892430276
0.384609375,9.02651892430276
0.3846484375,15.0265189243028
0.3846875,21.0265189243028
0.3847265625,28.0265189243028
0.384765625,34.0265189243028
0.3848046875,39.0265189243028
0.38484375,43.0265189243028
0.3848828125,43.0265189243028
0.384921875,41.0265189243028
0.3849609375,39.0265189243028
0.385,36.0265189243028
0.3850390625,33.0265189243028
0.385078125,30.0265189243028
0.3851171875,25.0265189243028
0.38515625,24.0265189243028
0.3851953125,20.0265189243028
0.385234375,15.0265189243028
0.3852734375,13.0265189243028
0.3853125,10.0265189243028
0.3853515625,7.02651892430276
0.385390625,5.02651892430276
0.3854296875,3.02651892430276
0.38546875,1.02651892430276
0.3855078125,-3.97348107569724
0.385546875,-7.97348107569724
0.3855859375,-10.9734810756972
0.385625,-12.9734810756972
0.3856640625,-15.9734810756972
0.385703125,-17.9734810756972
0.3857421875,-19.9734810756972
0.38578125,-20.9734810756972
0.3858203125,-22.9734810756972
0.385859375,-24.9734810756972
0.3858984375,-24.9734810756972
0.3859375,-23.9734810756972
0.3859765625,-21.9734810756972
0.386015625,-18.9734810756972
0.3860546875,-14.9734810756972
0.38609375,-11.9734810756972
0.3861328125,-6.97348107569724
0.386171875,-1.97348107569724
0.3862109375,1.02651892430276
0.38625,5.02651892430276
0.3862890625,9.02651892430276
0.386328125,13.0265189243028
0.3863671875,18.0265189243028
0.38640625,21.0265189243028
0.3864453125,23.0265189243028
0.386484375,22.0265189243028
0.3865234375,22.0265189243028
0.3865625,20.0265189243028
0.3866015625,17.0265189243028
0.386640625,16.0265189243028
0.3866796875,15.0265189243028
0.38671875,12.0265189243028
0.3867578125,11.0265189243028
0.386796875,9.02651892430276
0.3868359375,8.02651892430276
0.386875,7.02651892430276
0.3869140625,6.02651892430276
0.386953125,6.02651892430276
0.3869921875,6.02651892430276
0.38703125,6.02651892430276
0.3870703125,7.02651892430276
0.387109375,6.02651892430276
0.3871484375,5.02651892430276
0.3871875,2.02651892430276
0.3872265625,-2.97348107569724
0.387265625,-5.97348107569724
0.3873046875,-7.97348107569724
0.38734375,-9.97348107569724
0.3873828125,-10.9734810756972
0.387421875,-11.9734810756972
0.3874609375,-11.9734810756972
0.3875,-10.9734810756972
0.3875390625,-10.9734810756972
0.387578125,-8.97348107569724
0.3876171875,-5.97348107569724
0.38765625,-2.97348107569724
0.3876953125,1.02651892430276
0.387734375,4.02651892430276
0.3877734375,7.02651892430276
0.3878125,6.02651892430276
0.3878515625,6.02651892430276
0.387890625,4.02651892430276
0.3879296875,3.02651892430276
0.38796875,4.02651892430276
0.3880078125,3.02651892430276
0.388046875,2.02651892430276
0.3880859375,2.02651892430276
0.388125,0.0265189243027635
0.3881640625,-1.97348107569724
0.388203125,-1.97348107569724
0.3882421875,-0.973481075697237
0.38828125,0.0265189243027635
0.3883203125,2.02651892430276
0.388359375,5.02651892430276
0.3883984375,4.02651892430276
0.3884375,3.02651892430276
0.3884765625,0.0265189243027635
0.388515625,-3.97348107569724
0.3885546875,-6.97348107569724
0.38859375,-9.97348107569724
0.3886328125,-10.9734810756972
0.388671875,-12.9734810756972
0.3887109375,-14.9734810756972
0.38875,-17.9734810756972
0.3887890625,-20.9734810756972
0.388828125,-24.9734810756972
0.3888671875,-27.9734810756972
0.38890625,-27.9734810756972
0.3889453125,-26.9734810756972
0.388984375,-24.9734810756972
0.3890234375,-19.9734810756972
0.3890625,-15.9734810756972
0.3891015625,-9.97348107569724
0.389140625,-4.97348107569724
0.3891796875,0.0265189243027635
0.38921875,4.02651892430276
0.3892578125,10.0265189243028
0.389296875,16.0265189243028
0.3893359375,22.0265189243028
0.389375,27.0265189243028
0.3894140625,28.0265189243028
0.389453125,29.0265189243028
0.3894921875,27.0265189243028
0.38953125,22.0265189243028
0.3895703125,18.0265189243028
0.389609375,15.0265189243028
0.3896484375,12.0265189243028
0.3896875,8.02651892430276
0.3897265625,3.02651892430276
0.389765625,-1.97348107569724
0.3898046875,-4.97348107569724
0.38984375,-5.97348107569724
0.3898828125,-5.97348107569724
0.389921875,-5.97348107569724
0.3899609375,-4.97348107569724
0.39,-3.97348107569724
0.3900390625,-2.97348107569724
0.390078125,-2.97348107569724
0.3901171875,-3.97348107569724
0.39015625,-2.97348107569724
0.3901953125,-2.97348107569724
0.390234375,-2.97348107569724
0.3902734375,-2.97348107569724
0.3903125,-1.97348107569724
0.3903515625,-1.97348107569724
0.390390625,-0.973481075697237
0.3904296875,-1.97348107569724
0.39046875,-1.97348107569724
0.3905078125,-1.97348107569724
0.390546875,0.0265189243027635
0.3905859375,2.02651892430276
0.390625,4.02651892430276
0.3906640625,6.02651892430276
0.390703125,6.02651892430276
0.3907421875,5.02651892430276
0.39078125,4.02651892430276
0.3908203125,3.02651892430276
0.390859375,1.02651892430276
0.3908984375,-0.973481075697237
0.3909375,-1.97348107569724
0.3909765625,-3.97348107569724
0.391015625,-3.97348107569724
0.3910546875,-3.97348107569724
0.39109375,-3.97348107569724
0.3911328125,-1.97348107569724
0.391171875,-0.973481075697237
0.3912109375,1.02651892430276
0.39125,4.02651892430276
0.3912890625,8.02651892430276
0.391328125,9.02651892430276
0.3913671875,12.0265189243028
0.39140625,12.0265189243028
0.3914453125,12.0265189243028
0.391484375,9.02651892430276
0.3915234375,7.02651892430276
0.3915625,5.02651892430276
0.3916015625,4.02651892430276
0.391640625,3.02651892430276
0.3916796875,1.02651892430276
0.39171875,0.0265189243027635
0.3917578125,-1.97348107569724
0.391796875,-3.97348107569724
0.3918359375,-5.97348107569724
0.391875,-6.97348107569724
0.3919140625,-7.97348107569724
0.391953125,-7.97348107569724
0.3919921875,-8.97348107569724
0.39203125,-9.97348107569724
0.3920703125,-10.9734810756972
0.392109375,-11.9734810756972
0.3921484375,-11.9734810756972
0.3921875,-11.9734810756972
0.3922265625,-11.9734810756972
0.392265625,-10.9734810756972
0.3923046875,-10.9734810756972
0.39234375,-11.9734810756972
0.3923828125,-12.9734810756972
0.392421875,-15.9734810756972
0.3924609375,-17.9734810756972
0.3925,-18.9734810756972
0.3925390625,-16.9734810756972
0.392578125,-14.9734810756972
0.3926171875,-10.9734810756972
0.39265625,-4.97348107569724
0.3926953125,-1.97348107569724
0.392734375,2.02651892430276
0.3927734375,6.02651892430276
0.3928125,10.0265189243028
0.3928515625,14.0265189243028
0.392890625,18.0265189243028
0.3929296875,22.0265189243028
0.39296875,23.0265189243028
0.3930078125,25.0265189243028
0.393046875,25.0265189243028
0.3930859375,23.0265189243028
0.393125,22.0265189243028
0.3931640625,22.0265189243028
0.393203125,22.0265189243028
0.3932421875,22.0265189243028
0.39328125,21.0265189243028
0.3933203125,18.0265189243028
0.393359375,15.0265189243028
0.3933984375,12.0265189243028
0.3934375,9.02651892430276
0.3934765625,7.02651892430276
0.393515625,6.02651892430276
0.3935546875,4.02651892430276
0.39359375,3.02651892430276
0.3936328125,-0.973481075697237
0.393671875,-4.97348107569724
0.3937109375,-8.97348107569724
0.39375,-14.9734810756972
0.3937890625,-17.9734810756972
0.393828125,-22.9734810756972
0.3938671875,-26.9734810756972
0.39390625,-29.9734810756972
0.3939453125,-33.9734810756972
0.393984375,-35.9734810756972
0.3940234375,-36.9734810756972
0.3940625,-36.9734810756972
0.3941015625,-35.9734810756972
0.394140625,-32.9734810756972
0.3941796875,-27.9734810756972
0.39421875,-22.9734810756972
0.3942578125,-16.9734810756972
0.394296875,-9.97348107569724
0.3943359375,-2.97348107569724
0.394375,3.02651892430276
0.3944140625,9.02651892430276
0.394453125,14.0265189243028
0.3944921875,18.0265189243028
0.39453125,22.0265189243028
0.3945703125,24.0265189243028
0.394609375,24.0265189243028
0.3946484375,25.0265189243028
0.3946875,25.0265189243028
0.3947265625,25.0265189243028
0.394765625,27.0265189243028
0.3948046875,30.0265189243028
0.39484375,33.0265189243028
0.3948828125,32.0265189243028
0.394921875,44.0265189243028
0.3949609375,60.0265189243028
0.395,68.0265189243028
0.3950390625,68.0265189243028
0.395078125,56.0265189243028
0.3951171875,36.0265189243028
0.39515625,21.0265189243028
0.3951953125,7.02651892430276
0.395234375,-1.97348107569724
0.3952734375,-8.97348107569724
0.3953125,-13.9734810756972
0.3953515625,-15.9734810756972
0.395390625,-16.9734810756972
0.3954296875,-12.9734810756972
0.39546875,-5.97348107569724
0.3955078125,0.0265189243027635
0.395546875,2.02651892430276
0.3955859375,4.02651892430276
0.395625,7.02651892430276
0.3956640625,12.0265189243028
0.395703125,20.0265189243028
0.3957421875,27.0265189243028
0.39578125,35.0265189243028
0.3958203125,43.0265189243028
0.395859375,46.0265189243028
0.3958984375,48.0265189243028
0.3959375,41.0265189243028
0.3959765625,31.0265189243028
0.396015625,17.0265189243028
0.3960546875,0.0265189243027635
0.39609375,-20.9734810756972
0.3961328125,-42.9734810756972
0.396171875,-63.9734810756972
0.3962109375,-83.9734810756972
0.39625,-96.9734810756972
0.3962890625,-112.973481075697
0.396328125,-130.973481075697
0.3963671875,-148.973481075697
0.39640625,-167.973481075697
0.3964453125,-180.973481075697
0.396484375,-187.973481075697
0.3965234375,-188.973481075697
0.3965625,-185.973481075697
0.3966015625,-180.973481075697
0.396640625,-168.973481075697
0.3966796875,-152.973481075697
0.39671875,-131.973481075697
0.3967578125,-103.973481075697
0.396796875,-73.9734810756972
0.3968359375,-43.9734810756972
0.396875,-15.9734810756972
0.3969140625,9.02651892430276
0.396953125,33.0265189243028
0.3969921875,58.0265189243028
0.39703125,80.0265189243028
0.3970703125,102.026518924303
0.397109375,122.026518924303
0.3971484375,140.026518924303
0.3971875,156.026518924303
0.3972265625,166.026518924303
0.397265625,174.026518924303
0.3973046875,177.026518924303
0.39734375,176.026518924303
0.3973828125,174.026518924303
0.397421875,170.026518924303
0.3974609375,163.026518924303
0.3975,156.026518924303
0.3975390625,146.026518924303
0.397578125,134.026518924303
0.3976171875,121.026518924303
0.39765625,109.026518924303
0.3976953125,95.0265189243028
0.397734375,81.0265189243028
0.3977734375,66.0265189243028
0.3978125,51.0265189243028
0.3978515625,38.0265189243028
0.397890625,23.0265189243028
0.3979296875,9.02651892430276
0.39796875,-2.97348107569724
0.3980078125,-13.9734810756972
0.398046875,-21.9734810756972
0.3980859375,-27.9734810756972
0.398125,-32.9734810756972
0.3981640625,-34.9734810756972
0.398203125,-36.9734810756972
0.3982421875,-39.9734810756972
0.39828125,-39.9734810756972
0.3983203125,-38.9734810756972
0.398359375,-35.9734810756972
0.3983984375,-29.9734810756972
0.3984375,-24.9734810756972
0.3984765625,-19.9734810756972
0.398515625,-13.9734810756972
0.3985546875,-5.97348107569724
0.39859375,0.0265189243027635
0.3986328125,4.02651892430276
0.398671875,6.02651892430276
0.3987109375,8.02651892430276
0.39875,7.02651892430276
0.3987890625,4.02651892430276
0.398828125,-1.97348107569724
0.3988671875,-8.97348107569724
0.39890625,-17.9734810756972
0.3989453125,-27.9734810756972
0.398984375,-37.9734810756972
0.3990234375,-45.9734810756972
0.3990625,-53.9734810756972
0.3991015625,-60.9734810756972
0.399140625,-69.9734810756972
0.3991796875,-79.9734810756972
0.39921875,-89.9734810756972
0.3992578125,-99.9734810756972
0.399296875,-108.973481075697
0.3993359375,-112.973481075697
0.399375,-115.973481075697
0.3994140625,-118.973481075697
0.399453125,-119.973481075697
0.3994921875,-117.973481075697
0.39953125,-117.973481075697
0.3995703125,-103.973481075697
0.399609375,-72.9734810756972
0.3996484375,-53.9734810756972
0.3996875,-33.9734810756972
0.3997265625,-18.9734810756972
0.399765625,-9.97348107569724
0.3998046875,2.02651892430276
0.39984375,12.0265189243028
0.3998828125,20.0265189243028
0.399921875,28.0265189243028
0.3999609375,35.0265189243028
0.4,39.0265189243028
0.4000390625,45.0265189243028
0.400078125,49.0265189243028
0.4001171875,49.0265189243028
0.40015625,45.0265189243028
0.4001953125,37.0265189243028
0.400234375,28.0265189243028
0.4002734375,19.0265189243028
0.4003125,12.0265189243028
0.4003515625,8.02651892430276
0.400390625,8.02651892430276
0.4004296875,8.02651892430276
0.40046875,8.02651892430276
0.4005078125,4.02651892430276
0.400546875,4.02651892430276
0.4005859375,3.02651892430276
0.400625,6.02651892430276
0.4006640625,9.02651892430276
0.400703125,14.0265189243028
0.4007421875,18.0265189243028
0.40078125,23.0265189243028
0.4008203125,29.0265189243028
0.400859375,37.0265189243028
0.4008984375,45.0265189243028
0.4009375,49.0265189243028
0.4009765625,54.0265189243028
0.401015625,55.0265189243028
0.4010546875,54.0265189243028
0.40109375,53.0265189243028
0.4011328125,50.0265189243028
0.401171875,47.0265189243028
0.4012109375,43.0265189243028
0.40125,39.0265189243028
0.4012890625,36.0265189243028
0.401328125,34.0265189243028
0.4013671875,33.0265189243028
0.40140625,32.0265189243028
0.4014453125,32.0265189243028
0.401484375,30.0265189243028
0.4015234375,30.0265189243028
0.4015625,30.0265189243028
0.4016015625,30.0265189243028
0.401640625,31.0265189243028
0.4016796875,33.0265189243028
0.40171875,33.0265189243028
0.4017578125,32.0265189243028
0.401796875,27.0265189243028
0.4018359375,22.0265189243028
0.401875,17.0265189243028
0.4019140625,10.0265189243028
0.401953125,4.02651892430276
0.4019921875,-2.97348107569724
0.40203125,-8.97348107569724
0.4020703125,-15.9734810756972
0.402109375,-20.9734810756972
0.4021484375,-25.9734810756972
0.4021875,-29.9734810756972
0.4022265625,-31.9734810756972
0.402265625,-32.9734810756972
0.4023046875,-32.9734810756972
0.40234375,-29.9734810756972
0.4023828125,-28.9734810756972
0.402421875,-26.9734810756972
0.4024609375,-25.9734810756972
0.4025,-24.9734810756972
0.4025390625,-24.9734810756972
0.402578125,-24.9734810756972
0.4026171875,-24.9734810756972
0.40265625,-24.9734810756972
0.4026953125,-25.9734810756972
0.402734375,-24.9734810756972
0.4027734375,-24.9734810756972
0.4028125,-24.9734810756972
0.4028515625,-23.9734810756972
0.402890625,-22.9734810756972
0.4029296875,-19.9734810756972
0.40296875,-15.9734810756972
0.4030078125,-11.9734810756972
0.403046875,-10.9734810756972
0.4030859375,-8.97348107569724
0.403125,-7.97348107569724
0.4031640625,-6.97348107569724
0.403203125,-5.97348107569724
0.4032421875,-3.97348107569724
0.40328125,-1.97348107569724
0.4033203125,1.02651892430276
0.403359375,1.02651892430276
0.4033984375,1.02651892430276
0.4034375,0.0265189243027635
0.4034765625,-0.973481075697237
0.403515625,-0.973481075697237
0.4035546875,-0.973481075697237
0.40359375,-0.973481075697237
0.4036328125,-0.973481075697237
0.403671875,0.0265189243027635
0.4037109375,1.02651892430276
0.40375,3.02651892430276
0.4037890625,5.02651892430276
0.403828125,7.02651892430276
0.4038671875,6.02651892430276
0.40390625,7.02651892430276
0.4039453125,7.02651892430276
0.403984375,8.02651892430276
0.4040234375,9.02651892430276
0.4040625,8.02651892430276
0.4041015625,5.02651892430276
0.404140625,3.02651892430276
0.4041796875,-1.97348107569724
0.40421875,-6.97348107569724
0.4042578125,-9.97348107569724
0.404296875,-11.9734810756972
0.4043359375,-13.9734810756972
0.404375,-14.9734810756972
0.4044140625,-16.9734810756972
0.404453125,-18.9734810756972
0.4044921875,-18.9734810756972
0.40453125,-18.9734810756972
0.4045703125,-17.9734810756972
0.404609375,-15.9734810756972
0.4046484375,-13.9734810756972
0.4046875,-12.9734810756972
0.4047265625,-9.97348107569724
0.404765625,-6.97348107569724
0.4048046875,-2.97348107569724
0.40484375,1.02651892430276
0.4048828125,7.02651892430276
0.404921875,13.0265189243028
0.4049609375,19.0265189243028
0.405,22.0265189243028
0.4050390625,25.0265189243028
0.405078125,25.0265189243028
0.4051171875,25.0265189243028
0.40515625,24.0265189243028
0.4051953125,23.0265189243028
0.405234375,23.0265189243028
0.4052734375,23.0265189243028
0.4053125,24.0265189243028
0.4053515625,24.0265189243028
0.405390625,22.0265189243028
0.4054296875,20.0265189243028
0.40546875,18.0265189243028
0.4055078125,15.0265189243028
0.405546875,13.0265189243028
0.4055859375,12.0265189243028
0.405625,10.0265189243028
0.4056640625,6.02651892430276
0.405703125,3.02651892430276
0.4057421875,-1.97348107569724
0.40578125,-4.97348107569724
0.4058203125,-7.97348107569724
0.405859375,-9.97348107569724
0.4058984375,-9.97348107569724
0.4059375,-9.97348107569724
0.4059765625,-12.9734810756972
0.406015625,-16.9734810756972
0.4060546875,-19.9734810756972
0.40609375,-22.9734810756972
0.4061328125,-23.9734810756972
0.406171875,-26.9734810756972
0.4062109375,-29.9734810756972
0.40625,-32.9734810756972
0.4062890625,-33.9734810756972
0.406328125,-34.9734810756972
0.4063671875,-33.9734810756972
0.40640625,-32.9734810756972
0.4064453125,-29.9734810756972
0.406484375,-24.9734810756972
0.4065234375,-20.9734810756972
0.4065625,-12.9734810756972
0.4066015625,-6.97348107569724
0.406640625,-0.973481075697237
0.4066796875,2.02651892430276
0.40671875,6.02651892430276
0.4067578125,10.0265189243028
0.406796875,14.0265189243028
0.4068359375,19.0265189243028
0.406875,24.0265189243028
0.4069140625,30.0265189243028
0.406953125,36.0265189243028
0.4069921875,41.0265189243028
0.40703125,43.0265189243028
0.4070703125,45.0265189243028
0.407109375,44.0265189243028
0.4071484375,42.0265189243028
0.4071875,38.0265189243028
0.4072265625,34.0265189243028
0.407265625,28.0265189243028
0.4073046875,21.0265189243028
0.40734375,15.0265189243028
0.4073828125,7.02651892430276
0.407421875,2.02651892430276
0.4074609375,-1.97348107569724
0.4075,-5.97348107569724
0.4075390625,-6.97348107569724
0.407578125,-8.97348107569724
0.4076171875,-9.97348107569724
0.40765625,-11.9734810756972
0.4076953125,-12.9734810756972
0.407734375,-15.9734810756972
0.4077734375,-17.9734810756972
0.4078125,-19.9734810756972
0.4078515625,-21.9734810756972
0.407890625,-21.9734810756972
0.4079296875,-21.9734810756972
0.40796875,-20.9734810756972
0.4080078125,-17.9734810756972
0.408046875,-14.9734810756972
0.4080859375,-11.9734810756972
0.408125,-7.97348107569724
0.4081640625,-3.97348107569724
0.408203125,0.0265189243027635
0.4082421875,3.02651892430276
0.40828125,6.02651892430276
0.4083203125,6.02651892430276
0.408359375,5.02651892430276
0.4083984375,3.02651892430276
0.4084375,3.02651892430276
0.4084765625,4.02651892430276
0.408515625,9.02651892430276
0.4085546875,13.0265189243028
0.40859375,18.0265189243028
0.4086328125,22.0265189243028
0.408671875,23.0265189243028
0.4087109375,24.0265189243028
0.40875,22.0265189243028
0.4087890625,19.0265189243028
0.408828125,17.0265189243028
0.4088671875,13.0265189243028
0.40890625,6.02651892430276
0.4089453125,0.0265189243027635
0.408984375,-6.97348107569724
0.4090234375,-11.9734810756972
0.4090625,-15.9734810756972
0.4091015625,-15.9734810756972
0.409140625,-16.9734810756972
0.4091796875,-16.9734810756972
0.40921875,-16.9734810756972
0.4092578125,-18.9734810756972
0.409296875,-20.9734810756972
0.4093359375,-23.9734810756972
0.409375,-25.9734810756972
0.4094140625,-27.9734810756972
0.409453125,-28.9734810756972
0.4094921875,-27.9734810756972
0.40953125,-27.9734810756972
0.4095703125,-26.9734810756972
0.409609375,-22.9734810756972
0.4096484375,-18.9734810756972
0.4096875,-14.9734810756972
0.4097265625,-8.97348107569724
0.409765625,-1.97348107569724
0.4098046875,4.02651892430276
0.40984375,10.0265189243028
0.4098828125,17.0265189243028
0.409921875,22.0265189243028
0.4099609375,24.0265189243028
0.41,26.0265189243028
0.4100390625,27.0265189243028
0.410078125,29.0265189243028
0.4101171875,31.0265189243028
0.41015625,33.0265189243028
0.4101953125,34.0265189243028
0.410234375,33.0265189243028
0.4102734375,30.0265189243028
0.4103125,27.0265189243028
0.4103515625,23.0265189243028
0.410390625,18.0265189243028
0.4104296875,13.0265189243028
0.41046875,8.02651892430276
0.4105078125,3.02651892430276
0.410546875,-1.97348107569724
0.4105859375,-6.97348107569724
0.410625,-10.9734810756972
0.4106640625,-15.9734810756972
0.410703125,-18.9734810756972
0.4107421875,-19.9734810756972
0.41078125,-21.9734810756972
0.4108203125,-22.9734810756972
0.410859375,-23.9734810756972
0.4108984375,-22.9734810756972
0.4109375,-23.9734810756972
0.4109765625,-25.9734810756972
0.411015625,-27.9734810756972
0.4110546875,-27.9734810756972
0.41109375,-25.9734810756972
0.4111328125,-22.9734810756972
0.411171875,-18.9734810756972
0.4112109375,-13.9734810756972
0.41125,-9.97348107569724
0.4112890625,-5.97348107569724
0.411328125,-2.97348107569724
0.4113671875,1.02651892430276
0.41140625,6.02651892430276
0.4114453125,11.0265189243028
0.411484375,16.0265189243028
0.4115234375,20.0265189243028
0.4115625,23.0265189243028
0.4116015625,25.0265189243028
0.411640625,24.0265189243028
0.4116796875,25.0265189243028
0.41171875,25.0265189243028
0.4117578125,25.0265189243028
0.411796875,26.0265189243028
0.4118359375,25.0265189243028
0.411875,23.0265189243028
0.4119140625,20.0265189243028
0.411953125,16.0265189243028
0.4119921875,13.0265189243028
0.41203125,9.02651892430276
0.4120703125,6.02651892430276
0.412109375,4.02651892430276
0.4121484375,1.02651892430276
0.4121875,-1.97348107569724
0.4122265625,-3.97348107569724
0.412265625,-7.97348107569724
0.4123046875,-11.9734810756972
0.41234375,-14.9734810756972
0.4123828125,-17.9734810756972
0.412421875,-19.9734810756972
0.4124609375,-21.9734810756972
0.4125,-23.9734810756972
0.4125390625,-25.9734810756972
0.412578125,-28.9734810756972
0.4126171875,-28.9734810756972
0.41265625,-27.9734810756972
0.4126953125,-22.9734810756972
0.412734375,-18.9734810756972
0.4127734375,-11.9734810756972
0.4128125,-5.97348107569724
0.4128515625,-0.973481075697237
0.412890625,2.02651892430276
0.4129296875,5.02651892430276
0.41296875,5.02651892430276
0.4130078125,5.02651892430276
0.413046875,4.02651892430276
0.4130859375,5.02651892430276
0.413125,5.02651892430276
0.4131640625,6.02651892430276
0.413203125,6.02651892430276
0.4132421875,5.02651892430276
0.41328125,6.02651892430276
0.4133203125,7.02651892430276
0.413359375,11.0265189243028
0.4133984375,15.0265189243028
0.4134375,19.0265189243028
0.4134765625,20.0265189243028
0.413515625,22.0265189243028
0.4135546875,23.0265189243028
0.41359375,21.0265189243028
0.4136328125,17.0265189243028
0.413671875,14.0265189243028
0.4137109375,11.0265189243028
0.41375,8.02651892430276
0.4137890625,3.02651892430276
0.413828125,-0.973481075697237
0.4138671875,-5.97348107569724
0.41390625,-8.97348107569724
0.4139453125,-10.9734810756972
0.413984375,-12.9734810756972
0.4140234375,-13.9734810756972
0.4140625,-12.9734810756972
0.4141015625,-12.9734810756972
0.414140625,-12.9734810756972
0.4141796875,-12.9734810756972
0.41421875,-13.9734810756972
0.4142578125,-13.9734810756972
0.414296875,-13.9734810756972
0.4143359375,-12.9734810756972
0.414375,-10.9734810756972
0.4144140625,-7.97348107569724
0.414453125,-5.97348107569724
0.4144921875,-4.97348107569724
0.41453125,-4.97348107569724
0.4145703125,-4.97348107569724
0.414609375,-2.97348107569724
0.4146484375,-2.97348107569724
0.4146875,0.0265189243027635
0.4147265625,4.02651892430276
0.414765625,5.02651892430276
0.4148046875,6.02651892430276
0.41484375,6.02651892430276
0.4148828125,4.02651892430276
0.414921875,6.02651892430276
0.4149609375,6.02651892430276
0.415,9.02651892430276
0.4150390625,13.0265189243028
0.415078125,17.0265189243028
0.4151171875,18.0265189243028
0.41515625,19.0265189243028
0.4151953125,20.0265189243028
0.415234375,20.0265189243028
0.4152734375,20.0265189243028
0.4153125,19.0265189243028
0.4153515625,18.0265189243028
0.415390625,7.02651892430276
0.4154296875,14.0265189243028
0.41546875,37.0265189243028
0.4155078125,60.0265189243028
0.415546875,65.0265189243028
0.4155859375,54.0265189243028
0.415625,39.0265189243028
0.4156640625,32.0265189243028
0.415703125,29.0265189243028
0.4157421875,23.0265189243028
0.41578125,15.0265189243028
0.4158203125,12.0265189243028
0.415859375,18.0265189243028
0.4158984375,27.0265189243028
0.4159375,32.0265189243028
0.4159765625,31.0265189243028
0.416015625,24.0265189243028
0.4160546875,14.0265189243028
0.41609375,9.02651892430276
0.4161328125,7.02651892430276
0.416171875,5.02651892430276
0.4162109375,-2.97348107569724
0.41625,-15.9734810756972
0.4162890625,-25.9734810756972
0.416328125,-38.9734810756972
0.4163671875,-54.9734810756972
0.41640625,-75.9734810756972
0.4164453125,-103.973481075697
0.416484375,-131.973481075697
0.4165234375,-158.973481075697
0.4165625,-179.973481075697
0.4166015625,-193.973481075697
0.416640625,-199.973481075697
0.4166796875,-197.973481075697
0.41671875,-188.973481075697
0.4167578125,-171.973481075697
0.416796875,-150.973481075697
0.4168359375,-131.973481075697
0.416875,-110.973481075697
0.4169140625,-86.9734810756972
0.416953125,-57.9734810756972
0.4169921875,-26.9734810756972
0.41703125,8.02651892430276
0.4170703125,44.0265189243028
0.417109375,82.0265189243028
0.4171484375,118.026518924303
0.4171875,151.026518924303
0.4172265625,184.026518924303
0.417265625,211.026518924303
0.4173046875,229.026518924303
0.41734375,239.026518924303
0.4173828125,240.026518924303
0.417421875,232.026518924303
0.4174609375,214.026518924303
0.4175,190.026518924303
0.4175390625,161.026518924303
0.417578125,131.026518924303
0.4176171875,102.026518924303
0.41765625,73.0265189243028
0.4176953125,43.0265189243028
0.417734375,14.0265189243028
0.4177734375,-13.9734810756972
0.4178125,-37.9734810756972
0.4178515625,-55.9734810756972
0.417890625,-64.9734810756972
0.4179296875,-67.9734810756972
0.41796875,-67.9734810756972
0.4180078125,-68.9734810756972
0.418046875,-72.9734810756972
0.4180859375,-75.9734810756972
0.418125,-78.9734810756972
0.4181640625,-83.9734810756972
0.418203125,-85.9734810756972
0.4182421875,-87.9734810756972
0.41828125,-88.9734810756972
0.4183203125,-88.9734810756972
0.418359375,-87.9734810756972
0.4183984375,-85.9734810756972
0.4184375,-80.9734810756972
0.4184765625,-74.9734810756972
0.418515625,-64.9734810756972
0.4185546875,-49.9734810756972
0.41859375,-33.9734810756972
0.4186328125,-15.9734810756972
0.418671875,4.02651892430276
0.4187109375,24.0265189243028
0.41875,45.0265189243028
0.4187890625,65.0265189243028
0.418828125,83.0265189243028
0.4188671875,98.0265189243028
0.41890625,109.026518924303
0.4189453125,118.026518924303
0.418984375,124.026518924303
0.4190234375,125.026518924303
0.4190625,122.026518924303
0.4191015625,116.026518924303
0.419140625,108.026518924303
0.4191796875,97.0265189243028
0.41921875,82.0265189243028
0.4192578125,65.0265189243028
0.419296875,45.0265189243028
0.4193359375,23.0265189243028
0.419375,1.02651892430276
0.4194140625,-21.9734810756972
0.419453125,-42.9734810756972
0.4194921875,-60.9734810756972
0.41953125,-75.9734810756972
0.4195703125,-92.9734810756972
0.419609375,-102.973481075697
0.4196484375,-109.973481075697
0.4196875,-97.9734810756972
0.4197265625,-73.9734810756972
0.419765625,-66.9734810756972
0.4198046875,-68.9734810756972
0.41984375,-60.9734810756972
0.4198828125,-45.9734810756972
0.419921875,-38.9734810756972
0.4199609375,-40.9734810756972
0.42,-50.9734810756972
0.4200390625,-56.9734810756972
0.420078125,-57.9734810756972
0.4201171875,-62.9734810756972
0.42015625,-71.9734810756972
0.4201953125,-76.9734810756972
0.420234375,-78.9734810756972
0.4202734375,-80.9734810756972
0.4203125,-80.9734810756972
0.4203515625,-78.9734810756972
0.420390625,-76.9734810756972
0.4204296875,-73.9734810756972
0.42046875,-68.9734810756972
0.4205078125,-53.9734810756972
0.420546875,-30.9734810756972
0.4205859375,-6.97348107569724
0.420625,15.0265189243028
0.4206640625,35.0265189243028
0.420703125,51.0265189243028
0.4207421875,65.0265189243028
0.42078125,77.0265189243028
0.4208203125,88.0265189243028
0.420859375,98.0265189243028
0.4208984375,109.026518924303
0.4209375,119.026518924303
0.4209765625,126.026518924303
0.421015625,129.026518924303
0.4210546875,125.026518924303
0.42109375,116.026518924303
0.4211328125,104.026518924303
0.421171875,89.0265189243028
0.4212109375,68.0265189243028
0.42125,46.0265189243028
0.4212890625,21.0265189243028
0.421328125,-4.97348107569724
0.4213671875,-29.9734810756972
0.42140625,-50.9734810756972
0.4214453125,-63.9734810756972
0.421484375,-67.9734810756972
0.4215234375,-67.9734810756972
0.4215625,-61.9734810756972
0.4216015625,-48.9734810756972
0.421640625,-36.9734810756972
0.4216796875,-24.9734810756972
0.42171875,-11.9734810756972
0.4217578125,1.02651892430276
0.421796875,12.0265189243028
0.4218359375,20.0265189243028
0.421875,24.0265189243028
0.4219140625,23.0265189243028
0.421953125,20.0265189243028
0.4219921875,15.0265189243028
0.42203125,9.02651892430276
0.4220703125,6.02651892430276
0.422109375,5.02651892430276
0.4221484375,6.02651892430276
0.4221875,11.0265189243028
0.4222265625,18.0265189243028
0.422265625,25.0265189243028
0.4223046875,31.0265189243028
0.42234375,37.0265189243028
0.4223828125,43.0265189243028
0.422421875,46.0265189243028
0.4224609375,48.0265189243028
0.4225,47.0265189243028
0.4225390625,44.0265189243028
0.422578125,41.0265189243028
0.4226171875,35.0265189243028
0.42265625,29.0265189243028
0.4226953125,20.0265189243028
0.422734375,11.0265189243028
0.4227734375,1.02651892430276
0.4228125,-8.97348107569724
0.4228515625,-18.9734810756972
0.422890625,-25.9734810756972
0.4229296875,-31.9734810756972
0.42296875,-37.9734810756972
0.4230078125,-41.9734810756972
0.423046875,-46.9734810756972
0.4230859375,-49.9734810756972
0.423125,-50.9734810756972
0.4231640625,-50.9734810756972
0.423203125,-49.9734810756972
0.4232421875,-46.9734810756972
0.42328125,-44.9734810756972
0.4233203125,-41.9734810756972
0.423359375,-39.9734810756972
0.4233984375,-35.9734810756972
0.4234375,-29.9734810756972
0.4234765625,-22.9734810756972
0.423515625,-16.9734810756972
0.4235546875,-11.9734810756972
0.42359375,-6.97348107569724
0.4236328125,-3.97348107569724
0.423671875,0.0265189243027635
0.4237109375,5.02651892430276
0.42375,9.02651892430276
0.4237890625,15.0265189243028
0.423828125,22.0265189243028
0.4238671875,26.0265189243028
0.42390625,29.0265189243028
0.4239453125,28.0265189243028
0.423984375,25.0265189243028
0.4240234375,20.0265189243028
0.4240625,15.0265189243028
0.4241015625,10.0265189243028
0.424140625,5.02651892430276
0.4241796875,-0.973481075697237
0.42421875,-7.97348107569724
0.4242578125,-15.9734810756972
0.424296875,-21.9734810756972
0.4243359375,-29.9734810756972
0.424375,-34.9734810756972
0.4244140625,-35.9734810756972
0.424453125,-35.9734810756972
0.4244921875,-35.9734810756972
0.42453125,-31.9734810756972
0.4245703125,-29.9734810756972
0.424609375,-27.9734810756972
0.4246484375,-24.9734810756972
0.4246875,-21.9734810756972
0.4247265625,-19.9734810756972
0.424765625,-13.9734810756972
0.4248046875,-7.97348107569724
0.42484375,-2.97348107569724
0.4248828125,3.02651892430276
0.424921875,8.02651892430276
0.4249609375,12.0265189243028
0.425,17.0265189243028
0.4250390625,21.0265189243028
0.425078125,25.0265189243028
0.4251171875,28.0265189243028
0.42515625,30.0265189243028
0.4251953125,33.0265189243028
0.425234375,35.0265189243028
0.4252734375,37.0265189243028
0.4253125,35.0265189243028
0.4253515625,32.0265189243028
0.425390625,30.0265189243028
0.4254296875,27.0265189243028
0.42546875,25.0265189243028
0.4255078125,23.0265189243028
0.425546875,19.0265189243028
0.4255859375,15.0265189243028
0.425625,10.0265189243028
0.4256640625,4.02651892430276
0.425703125,0.0265189243027635
0.4257421875,-2.97348107569724
0.42578125,-6.97348107569724
0.4258203125,-7.97348107569724
0.425859375,-10.9734810756972
0.4258984375,-13.9734810756972
0.4259375,-15.9734810756972
0.4259765625,-18.9734810756972
0.426015625,-19.9734810756972
0.4260546875,-20.9734810756972
0.42609375,-20.9734810756972
0.4261328125,-20.9734810756972
0.426171875,-19.9734810756972
0.4262109375,-17.9734810756972
0.42625,-17.9734810756972
0.4262890625,-17.9734810756972
0.426328125,-16.9734810756972
0.4263671875,-14.9734810756972
0.42640625,-11.9734810756972
0.4264453125,-7.97348107569724
0.426484375,-3.97348107569724
0.4265234375,1.02651892430276
0.4265625,5.02651892430276
0.4266015625,7.02651892430276
0.426640625,10.0265189243028
0.4266796875,12.0265189243028
0.42671875,14.0265189243028
0.4267578125,19.0265189243028
0.426796875,21.0265189243028
0.4268359375,23.0265189243028
0.426875,25.0265189243028
0.4269140625,25.0265189243028
0.426953125,24.0265189243028
0.4269921875,24.0265189243028
0.42703125,25.0265189243028
0.4270703125,24.0265189243028
0.427109375,21.0265189243028
0.4271484375,18.0265189243028
0.4271875,13.0265189243028
0.4272265625,7.02651892430276
0.427265625,3.02651892430276
0.4273046875,-0.973481075697237
0.42734375,-1.97348107569724
0.4273828125,-2.97348107569724
0.427421875,-1.97348107569724
0.4274609375,-0.973481075697237
0.4275,0.0265189243027635
0.4275390625,0.0265189243027635
0.427578125,0.0265189243027635
0.4276171875,-1.97348107569724
0.42765625,-2.97348107569724
0.4276953125,-4.97348107569724
0.427734375,-8.97348107569724
0.4277734375,-11.9734810756972
0.4278125,-13.9734810756972
0.4278515625,-15.9734810756972
0.427890625,-18.9734810756972
0.4279296875,-17.9734810756972
0.42796875,-17.9734810756972
0.4280078125,-16.9734810756972
0.428046875,-12.9734810756972
0.4280859375,-8.97348107569724
0.428125,-4.97348107569724
0.4281640625,-1.97348107569724
0.428203125,1.02651892430276
0.4282421875,3.02651892430276
0.42828125,4.02651892430276
0.4283203125,5.02651892430276
0.428359375,4.02651892430276
0.4283984375,5.02651892430276
0.4284375,6.02651892430276
0.4284765625,6.02651892430276
0.428515625,7.02651892430276
0.4285546875,7.02651892430276
0.42859375,7.02651892430276
0.4286328125,8.02651892430276
0.428671875,9.02651892430276
0.4287109375,10.0265189243028
0.42875,11.0265189243028
0.4287890625,8.02651892430276
0.428828125,7.02651892430276
0.4288671875,4.02651892430276
0.42890625,2.02651892430276
0.4289453125,1.02651892430276
0.428984375,-0.973481075697237
0.4290234375,-1.97348107569724
0.4290625,-4.97348107569724
0.4291015625,-5.97348107569724
0.429140625,-7.97348107569724
0.4291796875,-9.97348107569724
0.42921875,-12.9734810756972
0.4292578125,-17.9734810756972
0.429296875,-20.9734810756972
0.4293359375,-25.9734810756972
0.429375,-27.9734810756972
0.4294140625,-28.9734810756972
0.429453125,-29.9734810756972
0.4294921875,-30.9734810756972
0.42953125,-29.9734810756972
0.4295703125,-29.9734810756972
0.429609375,-27.9734810756972
0.4296484375,-23.9734810756972
0.4296875,-18.9734810756972
0.4297265625,-12.9734810756972
0.429765625,-6.97348107569724
0.4298046875,-2.97348107569724
0.42984375,2.02651892430276
0.4298828125,6.02651892430276
0.429921875,11.0265189243028
0.4299609375,16.0265189243028
0.43,20.0265189243028
0.4300390625,24.0265189243028
0.430078125,26.0265189243028
0.4301171875,27.0265189243028
0.43015625,27.0265189243028
0.4301953125,27.0265189243028
0.430234375,27.0265189243028
0.4302734375,27.0265189243028
0.4303125,26.0265189243028
0.4303515625,25.0265189243028
0.430390625,23.0265189243028
0.4304296875,21.0265189243028
0.43046875,17.0265189243028
0.4305078125,14.0265189243028
0.430546875,8.02651892430276
0.4305859375,3.02651892430276
0.430625,0.0265189243027635
0.4306640625,-2.97348107569724
0.430703125,-4.97348107569724
0.4307421875,-7.97348107569724
0.43078125,-11.9734810756972
0.4308203125,-13.9734810756972
0.430859375,-18.9734810756972
0.4308984375,-21.9734810756972
0.4309375,-24.9734810756972
0.4309765625,-24.9734810756972
0.431015625,-23.9734810756972
0.4310546875,-21.9734810756972
0.43109375,-18.9734810756972
0.4311328125,-15.9734810756972
0.431171875,-11.9734810756972
0.4312109375,-7.97348107569724
0.43125,-3.97348107569724
0.4312890625,0.0265189243027635
0.431328125,3.02651892430276
0.4313671875,6.02651892430276
0.43140625,7.02651892430276
0.4314453125,9.02651892430276
0.431484375,11.0265189243028
0.4315234375,13.0265189243028
0.4315625,17.0265189243028
0.4316015625,21.0265189243028
0.431640625,25.0265189243028
0.4316796875,30.0265189243028
0.43171875,30.0265189243028
0.4317578125,32.0265189243028
0.431796875,31.0265189243028
0.4318359375,29.0265189243028
0.431875,27.0265189243028
0.4319140625,25.0265189243028
0.431953125,21.0265189243028
0.4319921875,15.0265189243028
0.43203125,9.02651892430276
0.4320703125,3.02651892430276
0.432109375,-4.97348107569724
0.4321484375,-10.9734810756972
0.4321875,-15.9734810756972
0.4322265625,-20.9734810756972
0.432265625,-23.9734810756972
0.4323046875,-24.9734810756972
0.43234375,-26.9734810756972
0.4323828125,-26.9734810756972
0.432421875,-29.9734810756972
0.4324609375,-32.9734810756972
0.4325,-34.9734810756972
0.4325390625,-35.9734810756972
0.432578125,-34.9734810756972
0.4326171875,-31.9734810756972
0.43265625,-28.9734810756972
0.4326953125,-24.9734810756972
0.432734375,-20.9734810756972
0.4327734375,-15.9734810756972
0.4328125,-11.9734810756972
0.4328515625,-7.97348107569724
0.432890625,-3.97348107569724
0.4329296875,1.02651892430276
0.43296875,5.02651892430276
0.4330078125,8.02651892430276
0.433046875,7.02651892430276
0.4330859375,9.02651892430276
0.433125,10.0265189243028
0.4331640625,12.0265189243028
0.433203125,16.0265189243028
0.4332421875,20.0265189243028
0.43328125,23.0265189243028
0.4333203125,26.0265189243028
0.433359375,29.0265189243028
0.4333984375,30.0265189243028
0.4334375,29.0265189243028
0.4334765625,29.0265189243028
0.433515625,27.0265189243028
0.4335546875,25.0265189243028
0.43359375,23.0265189243028
0.4336328125,21.0265189243028
0.433671875,20.0265189243028
0.4337109375,15.0265189243028
0.43375,10.0265189243028
0.4337890625,4.02651892430276
0.433828125,0.0265189243027635
0.4338671875,-3.97348107569724
0.43390625,-5.97348107569724
0.4339453125,-6.97348107569724
0.433984375,-8.97348107569724
0.4340234375,-9.97348107569724
0.4340625,-12.9734810756972
0.4341015625,-14.9734810756972
0.434140625,-16.9734810756972
0.4341796875,-16.9734810756972
0.43421875,-15.9734810756972
0.4342578125,-14.9734810756972
0.434296875,-11.9734810756972
0.4343359375,-11.9734810756972
0.434375,-11.9734810756972
0.4344140625,-10.9734810756972
0.434453125,-9.97348107569724
0.4344921875,-7.97348107569724
0.43453125,-10.9734810756972
0.4345703125,-12.9734810756972
0.434609375,-4.97348107569724
0.4346484375,7.02651892430276
0.4346875,18.0265189243028
0.4347265625,25.0265189243028
0.434765625,26.0265189243028
0.4348046875,22.0265189243028
0.43484375,18.0265189243028
0.4348828125,16.0265189243028
0.434921875,17.0265189243028
0.4349609375,14.0265189243028
0.435,10.0265189243028
0.4350390625,4.02651892430276
0.435078125,1.02651892430276
0.4351171875,2.02651892430276
0.43515625,4.02651892430276
0.4351953125,6.02651892430276
0.435234375,8.02651892430276
0.4352734375,11.0265189243028
0.4353125,12.0265189243028
0.4353515625,15.0265189243028
0.435390625,17.0265189243028
0.4354296875,21.0265189243028
0.43546875,24.0265189243028
0.4355078125,28.0265189243028
0.435546875,33.0265189243028
0.4355859375,38.0265189243028
0.435625,40.0265189243028
0.4356640625,41.0265189243028
0.435703125,39.0265189243028
0.4357421875,31.0265189243028
0.43578125,23.0265189243028
0.4358203125,15.0265189243028
0.435859375,4.02651892430276
0.4358984375,-7.97348107569724
0.4359375,-19.9734810756972
0.4359765625,-35.9734810756972
0.436015625,-56.9734810756972
0.4360546875,-77.9734810756972
0.43609375,-95.9734810756972
0.4361328125,-113.973481075697
0.436171875,-127.973481075697
0.4362109375,-139.973481075697
0.43625,-149.973481075697
0.4362890625,-154.973481075697
0.436328125,-157.973481075697
0.4363671875,-156.973481075697
0.43640625,-148.973481075697
0.4364453125,-137.973481075697
0.436484375,-121.973481075697
0.4365234375,-99.9734810756972
0.4365625,-75.9734810756972
0.4366015625,-50.9734810756972
0.436640625,-26.9734810756972
0.4366796875,-1.97348107569724
0.43671875,26.0265189243028
0.4367578125,52.0265189243028
0.436796875,80.0265189243028
0.4368359375,106.026518924303
0.436875,128.026518924303
0.4369140625,146.026518924303
0.436953125,158.026518924303
0.4369921875,166.026518924303
0.43703125,171.026518924303
0.4370703125,171.026518924303
0.437109375,167.026518924303
0.4371484375,162.026518924303
0.4371875,151.026518924303
0.4372265625,138.026518924303
0.437265625,122.026518924303
0.4373046875,103.026518924303
0.43734375,84.0265189243028
0.4373828125,64.0265189243028
0.437421875,46.0265189243028
0.4374609375,29.0265189243028
0.4375,15.0265189243028
0.4375390625,2.02651892430276
0.437578125,-8.97348107569724
0.4376171875,-20.9734810756972
0.43765625,-29.9734810756972
0.4376953125,-36.9734810756972
0.437734375,-42.9734810756972
0.4377734375,-49.9734810756972
0.4378125,-53.9734810756972
0.4378515625,-53.9734810756972
0.437890625,-53.9734810756972
0.4379296875,-53.9734810756972
0.43796875,-51.9734810756972
0.4380078125,-47.9734810756972
0.438046875,-42.9734810756972
0.4380859375,-37.9734810756972
0.438125,-29.9734810756972
0.4381640625,-20.9734810756972
0.438203125,-12.9734810756972
0.4382421875,-5.97348107569724
0.43828125,1.02651892430276
0.4383203125,7.02651892430276
0.438359375,11.0265189243028
0.4383984375,13.0265189243028
0.4384375,14.0265189243028
0.4384765625,15.0265189243028
0.438515625,14.0265189243028
0.4385546875,14.0265189243028
0.43859375,12.0265189243028
0.4386328125,11.0265189243028
0.438671875,9.02651892430276
0.4387109375,6.02651892430276
0.43875,1.02651892430276
0.4387890625,-4.97348107569724
0.438828125,-11.9734810756972
0.4388671875,-20.9734810756972
0.43890625,-29.9734810756972
0.4389453125,-40.9734810756972
0.438984375,-52.9734810756972
0.4390234375,-64.9734810756972
0.4390625,-72.9734810756972
0.4391015625,-78.9734810756972
0.439140625,-82.9734810756972
0.4391796875,-83.9734810756972
0.43921875,-82.9734810756972
0.4392578125,-80.9734810756972
0.439296875,-78.9734810756972
0.4393359375,-76.9734810756972
0.439375,-72.9734810756972
0.4394140625,-65.9734810756972
0.439453125,-55.9734810756972
0.4394921875,-45.9734810756972
0.43953125,-35.9734810756972
0.4395703125,-21.9734810756972
0.439609375,-14.9734810756972
0.4396484375,-8.97348107569724
0.4396875,12.0265189243028
0.4397265625,43.0265189243028
0.439765625,70.0265189243028
0.4398046875,92.0265189243028
0.43984375,107.026518924303
0.4398828125,110.026518924303
0.439921875,108.026518924303
0.4399609375,109.026518924303
0.44,108.026518924303
0.4400390625,99.0265189243028
0.440078125,85.0265189243028
0.4401171875,68.0265189243028
0.44015625,49.0265189243028
0.4401953125,31.0265189243028
0.440234375,10.0265189243028
0.4402734375,-10.9734810756972
0.4403125,-28.9734810756972
0.4403515625,-39.9734810756972
0.440390625,-48.9734810756972
0.4404296875,-50.9734810756972
0.44046875,-50.9734810756972
0.4405078125,-48.9734810756972
0.440546875,-47.9734810756972
0.4405859375,-44.9734810756972
0.440625,-38.9734810756972
0.4406640625,-27.9734810756972
0.440703125,-16.9734810756972
0.4407421875,-6.97348107569724
0.44078125,4.02651892430276
0.4408203125,13.0265189243028
0.440859375,20.0265189243028
0.4408984375,26.0265189243028
0.4409375,32.0265189243028
0.4409765625,37.0265189243028
0.441015625,41.0265189243028
0.4410546875,46.0265189243028
0.44109375,49.0265189243028
0.4411328125,46.0265189243028
0.441171875,40.0265189243028
0.4412109375,33.0265189243028
0.44125,24.0265189243028
0.4412890625,15.0265189243028
0.441328125,7.02651892430276
0.4413671875,0.0265189243027635
0.44140625,-4.97348107569724
0.4414453125,-8.97348107569724
0.441484375,-11.9734810756972
0.4415234375,-10.9734810756972
0.4415625,-5.97348107569724
0.4416015625,-5.97348107569724
0.441640625,-3.97348107569724
0.4416796875,-1.97348107569724
0.44171875,-0.973481075697237
0.4417578125,2.02651892430276
0.441796875,4.02651892430276
0.4418359375,4.02651892430276
0.441875,2.02651892430276
0.4419140625,0.0265189243027635
0.441953125,-2.97348107569724
0.4419921875,-4.97348107569724
0.44203125,-6.97348107569724
0.4420703125,-7.97348107569724
0.442109375,-9.97348107569724
0.4421484375,-9.97348107569724
0.4421875,-11.9734810756972
0.4422265625,-13.9734810756972
0.442265625,-13.9734810756972
0.4423046875,-11.9734810756972
0.44234375,-8.97348107569724
0.4423828125,-5.97348107569724
0.442421875,-1.97348107569724
0.4424609375,3.02651892430276
0.4425,6.02651892430276
0.4425390625,8.02651892430276
0.442578125,9.02651892430276
0.4426171875,9.02651892430276
0.44265625,9.02651892430276
0.4426953125,9.02651892430276
0.442734375,8.02651892430276
0.4427734375,5.02651892430276
0.4428125,3.02651892430276
0.4428515625,0.0265189243027635
0.442890625,-2.97348107569724
0.4429296875,-3.97348107569724
0.44296875,-6.97348107569724
0.4430078125,-9.97348107569724
0.443046875,-10.9734810756972
0.4430859375,-12.9734810756972
0.443125,-13.9734810756972
0.4431640625,-13.9734810756972
0.443203125,-15.9734810756972
0.4432421875,-17.9734810756972
0.44328125,-17.9734810756972
0.4433203125,-16.9734810756972
0.443359375,-16.9734810756972
0.4433984375,-15.9734810756972
0.4434375,-14.9734810756972
0.4434765625,-14.9734810756972
0.443515625,-14.9734810756972
0.4435546875,-14.9734810756972
0.44359375,-14.9734810756972
0.4436328125,-12.9734810756972
0.443671875,-8.97348107569724
0.4437109375,-5.97348107569724
0.44375,-0.973481075697237
0.4437890625,4.02651892430276
0.443828125,7.02651892430276
0.4438671875,10.0265189243028
0.44390625,13.0265189243028
0.4439453125,14.0265189243028
0.443984375,16.0265189243028
0.4440234375,17.0265189243028
0.4440625,17.0265189243028
0.4441015625,17.0265189243028
0.444140625,14.0265189243028
0.4441796875,12.0265189243028
0.44421875,9.02651892430276
0.4442578125,7.02651892430276
0.444296875,5.02651892430276
0.4443359375,6.02651892430276
0.444375,6.02651892430276
0.4444140625,4.02651892430276
0.444453125,2.02651892430276
0.4444921875,0.0265189243027635
0.44453125,-2.97348107569724
0.4445703125,-5.97348107569724
0.444609375,-7.97348107569724
0.4446484375,-8.97348107569724
0.4446875,-8.97348107569724
0.4447265625,-9.97348107569724
0.444765625,-8.97348107569724
0.4448046875,-7.97348107569724
0.44484375,-5.97348107569724
0.4448828125,-3.97348107569724
0.444921875,-2.97348107569724
0.4449609375,0.0265189243027635
0.445,2.02651892430276
0.4450390625,2.02651892430276
0.445078125,2.02651892430276
0.4451171875,1.02651892430276
0.44515625,-0.973481075697237
0.4451953125,-0.973481075697237
0.445234375,-0.973481075697237
0.4452734375,-1.97348107569724
0.4453125,0.0265189243027635
0.4453515625,1.02651892430276
0.445390625,2.02651892430276
0.4454296875,2.02651892430276
0.44546875,3.02651892430276
0.4455078125,3.02651892430276
0.445546875,1.02651892430276
0.4455859375,3.02651892430276
0.445625,5.02651892430276
0.4456640625,5.02651892430276
0.445703125,6.02651892430276
0.4457421875,5.02651892430276
0.44578125,4.02651892430276
0.4458203125,5.02651892430276
0.445859375,5.02651892430276
0.4458984375,7.02651892430276
0.4459375,11.0265189243028
0.4459765625,12.0265189243028
0.446015625,14.0265189243028
0.4460546875,13.0265189243028
0.44609375,11.0265189243028
0.4461328125,7.02651892430276
0.446171875,5.02651892430276
0.4462109375,3.02651892430276
0.44625,1.02651892430276
0.4462890625,-0.973481075697237
0.446328125,-0.973481075697237
0.4463671875,-2.97348107569724
0.44640625,-5.97348107569724
0.4464453125,-8.97348107569724
0.446484375,-11.9734810756972
0.4465234375,-13.9734810756972
0.4465625,-14.9734810756972
0.4466015625,-16.9734810756972
0.446640625,-17.9734810756972
0.4466796875,-16.9734810756972
0.44671875,-17.9734810756972
0.4467578125,-16.9734810756972
0.446796875,-14.9734810756972
0.4468359375,-11.9734810756972
0.446875,-8.97348107569724
0.4469140625,-5.97348107569724
0.446953125,-0.973481075697237
0.4469921875,3.02651892430276
0.44703125,7.02651892430276
0.4470703125,9.02651892430276
0.447109375,8.02651892430276
0.4471484375,8.02651892430276
0.4471875,9.02651892430276
0.4472265625,10.0265189243028
0.447265625,12.0265189243028
0.4473046875,13.0265189243028
0.44734375,16.0265189243028
0.4473828125,18.0265189243028
0.447421875,19.0265189243028
0.4474609375,16.0265189243028
0.4475,14.0265189243028
0.4475390625,12.0265189243028
0.447578125,10.0265189243028
0.4476171875,8.02651892430276
0.44765625,5.02651892430276
0.4476953125,2.02651892430276
0.447734375,1.02651892430276
0.4477734375,-1.97348107569724
0.4478125,-2.97348107569724
0.4478515625,-4.97348107569724
0.447890625,-6.97348107569724
0.4479296875,-7.97348107569724
0.44796875,-8.97348107569724
0.4480078125,-10.9734810756972
0.448046875,-12.9734810756972
0.4480859375,-14.9734810756972
0.448125,-17.9734810756972
0.4481640625,-21.9734810756972
0.448203125,-21.9734810756972
0.4482421875,-19.9734810756972
0.44828125,-17.9734810756972
0.4483203125,-13.9734810756972
0.448359375,-10.9734810756972
0.4483984375,-9.97348107569724
0.4484375,-6.97348107569724
0.4484765625,-4.97348107569724
0.448515625,-1.97348107569724
0.4485546875,1.02651892430276
0.44859375,5.02651892430276
0.4486328125,7.02651892430276
0.448671875,9.02651892430276
0.4487109375,9.02651892430276
0.44875,8.02651892430276
0.4487890625,7.02651892430276
0.448828125,9.02651892430276
0.4488671875,11.0265189243028
0.44890625,14.0265189243028
0.4489453125,17.0265189243028
0.448984375,19.0265189243028
0.4490234375,20.0265189243028
0.4490625,21.0265189243028
0.4491015625,20.0265189243028
0.449140625,21.0265189243028
0.4491796875,21.0265189243028
0.44921875,21.0265189243028
0.4492578125,19.0265189243028
0.449296875,16.0265189243028
0.4493359375,11.0265189243028
0.449375,5.02651892430276
0.4494140625,0.0265189243027635
0.449453125,-4.97348107569724
0.4494921875,-6.97348107569724
0.44953125,-7.97348107569724
0.4495703125,-8.97348107569724
0.449609375,-10.9734810756972
0.4496484375,-13.9734810756972
0.4496875,-18.9734810756972
0.4497265625,-19.9734810756972
0.449765625,-20.9734810756972
0.4498046875,-20.9734810756972
0.44984375,-19.9734810756972
0.4498828125,-18.9734810756972
0.449921875,-15.9734810756972
0.4499609375,-14.9734810756972
0.45,-13.9734810756972
0.4500390625,-11.9734810756972
0.450078125,-9.97348107569724
0.4501171875,-7.97348107569724
0.45015625,-5.97348107569724
0.4501953125,-1.97348107569724
0.450234375,-0.973481075697237
0.4502734375,1.02651892430276
0.4503125,2.02651892430276
0.4503515625,3.02651892430276
0.450390625,4.02651892430276
0.4504296875,3.02651892430276
0.45046875,4.02651892430276
0.4505078125,5.02651892430276
0.450546875,6.02651892430276
0.4505859375,6.02651892430276
0.450625,6.02651892430276
0.4506640625,5.02651892430276
0.450703125,6.02651892430276
0.4507421875,6.02651892430276
0.45078125,7.02651892430276
0.4508203125,8.02651892430276
0.450859375,10.0265189243028
0.4508984375,11.0265189243028
0.4509375,10.0265189243028
0.4509765625,8.02651892430276
0.451015625,6.02651892430276
0.4510546875,3.02651892430276
0.45109375,0.0265189243027635
0.4511328125,0.0265189243027635
0.451171875,-0.973481075697237
0.4512109375,-0.973481075697237
0.45125,1.02651892430276
0.4512890625,2.02651892430276
0.451328125,2.02651892430276
0.4513671875,1.02651892430276
0.45140625,0.0265189243027635
0.4514453125,-0.973481075697237
0.451484375,0.0265189243027635
0.4515234375,1.02651892430276
0.4515625,1.02651892430276
0.4516015625,2.02651892430276
0.451640625,0.0265189243027635
0.4516796875,-1.97348107569724
0.45171875,-4.97348107569724
0.4517578125,-4.97348107569724
0.451796875,-5.97348107569724
0.4518359375,-4.97348107569724
0.451875,-5.97348107569724
0.4519140625,-6.97348107569724
0.451953125,-7.97348107569724
0.4519921875,-8.97348107569724
0.45203125,-11.9734810756972
0.4520703125,-10.9734810756972
0.452109375,-9.97348107569724
0.4521484375,-7.97348107569724
0.4521875,-5.97348107569724
0.4522265625,-3.97348107569724
0.452265625,-2.97348107569724
0.4523046875,0.0265189243027635
0.45234375,2.02651892430276
0.4523828125,4.02651892430276
0.452421875,5.02651892430276
0.4524609375,5.02651892430276
0.4525,4.02651892430276
0.4525390625,4.02651892430276
0.452578125,3.02651892430276
0.4526171875,2.02651892430276
0.45265625,1.02651892430276
0.4526953125,1.02651892430276
0.452734375,1.02651892430276
0.4527734375,3.02651892430276
0.4528125,5.02651892430276
0.4528515625,6.02651892430276
0.452890625,7.02651892430276
0.4529296875,7.02651892430276
0.45296875,7.02651892430276
0.4530078125,6.02651892430276
0.453046875,6.02651892430276
0.4530859375,6.02651892430276
0.453125,6.02651892430276
0.4531640625,6.02651892430276
0.453203125,5.02651892430276
0.4532421875,5.02651892430276
0.45328125,3.02651892430276
0.4533203125,0.0265189243027635
0.453359375,-0.973481075697237
0.4533984375,-1.97348107569724
0.4534375,-2.97348107569724
0.4534765625,-2.97348107569724
0.453515625,-2.97348107569724
0.4535546875,-4.97348107569724
0.45359375,-5.97348107569724
0.4536328125,-7.97348107569724
0.453671875,-8.97348107569724
0.4537109375,-10.9734810756972
0.45375,-10.9734810756972
0.4537890625,-11.9734810756972
0.453828125,-11.9734810756972
0.4538671875,-10.9734810756972
0.45390625,-8.97348107569724
0.4539453125,-10.9734810756972
0.453984375,-14.9734810756972
0.4540234375,-11.9734810756972
0.4540625,-0.973481075697237
0.4541015625,10.0265189243028
0.454140625,12.0265189243028
0.4541796875,8.02651892430276
0.45421875,6.02651892430276
0.4542578125,6.02651892430276
0.454296875,8.02651892430276
0.4543359375,7.02651892430276
0.454375,1.02651892430276
0.4544140625,-1.97348107569724
0.454453125,-1.97348107569724
0.4544921875,1.02651892430276
0.45453125,4.02651892430276
0.4545703125,6.02651892430276
0.454609375,3.02651892430276
0.4546484375,2.02651892430276
0.4546875,1.02651892430276
0.4547265625,5.02651892430276
0.454765625,11.0265189243028
0.4548046875,15.0265189243028
0.45484375,15.0265189243028
0.4548828125,16.0265189243028
0.454921875,18.0265189243028
0.4549609375,17.0265189243028
0.455,17.0265189243028
0.4550390625,17.0265189243028
0.455078125,16.0265189243028
0.4551171875,17.0265189243028
0.45515625,17.0265189243028
0.4551953125,17.0265189243028
0.455234375,18.0265189243028
0.4552734375,18.0265189243028
0.4553125,18.0265189243028
0.4553515625,16.0265189243028
0.455390625,19.0265189243028
0.4554296875,18.0265189243028
0.45546875,14.0265189243028
0.4555078125,8.02651892430276
0.455546875,0.0265189243027635
0.4555859375,-7.97348107569724
0.455625,-15.9734810756972
0.4556640625,-19.9734810756972
0.455703125,-22.9734810756972
0.4557421875,-25.9734810756972
0.45578125,-26.9734810756972
0.4558203125,-23.9734810756972
0.455859375,-24.9734810756972
0.4558984375,-25.9734810756972
0.4559375,-26.9734810756972
0.4559765625,-30.9734810756972
0.456015625,-37.9734810756972
0.4560546875,-43.9734810756972
0.45609375,-49.9734810756972
0.4561328125,-53.9734810756972
0.456171875,-58.9734810756972
0.4562109375,-61.9734810756972
0.45625,-68.9734810756972
0.4562890625,-72.9734810756972
0.456328125,-70.9734810756972
0.4563671875,-65.9734810756972
0.45640625,-54.9734810756972
0.4564453125,-40.9734810756972
0.456484375,-23.9734810756972
0.4565234375,-5.97348107569724
0.4565625,10.0265189243028
0.4566015625,26.0265189243028
0.456640625,40.0265189243028
0.4566796875,51.0265189243028
0.45671875,61.0265189243028
0.4567578125,70.0265189243028
0.456796875,77.0265189243028
0.4568359375,80.0265189243028
0.456875,81.0265189243028
0.4569140625,80.0265189243028
0.456953125,77.0265189243028
0.4569921875,74.0265189243028
0.45703125,71.0265189243028
0.4570703125,67.0265189243028
0.457109375,61.0265189243028
0.4571484375,54.0265189243028
0.4571875,46.0265189243028
0.4572265625,36.0265189243028
0.457265625,25.0265189243028
0.4573046875,14.0265189243028
0.45734375,5.02651892430276
0.4573828125,-3.97348107569724
0.457421875,-10.9734810756972
0.4574609375,-16.9734810756972
0.4575,-19.9734810756972
0.4575390625,-22.9734810756972
0.457578125,-23.9734810756972
0.4576171875,-21.9734810756972
0.45765625,-17.9734810756972
0.4576953125,-11.9734810756972
0.457734375,-7.97348107569724
0.4577734375,-2.97348107569724
0.4578125,-1.97348107569724
0.4578515625,-0.973481075697237
0.457890625,-3.97348107569724
0.4579296875,-5.97348107569724
0.45796875,-7.97348107569724
0.4580078125,-7.97348107569724
0.458046875,-8.97348107569724
0.4580859375,-8.97348107569724
0.458125,-9.97348107569724
0.4581640625,-9.97348107569724
0.458203125,-6.97348107569724
0.4582421875,-24.9734810756972
0.45828125,-48.9734810756972
0.4583203125,-14.9734810756972
0.458359375,31.0265189243028
0.4583984375,45.0265189243028
0.4584375,36.0265189243028
0.4584765625,36.0265189243028
0.458515625,35.0265189243028
0.4585546875,33.0265189243028
0.45859375,22.0265189243028
0.4586328125,5.02651892430276
0.458671875,-22.9734810756972
0.4587109375,-50.9734810756972
0.45875,-64.9734810756972
0.4587890625,-72.9734810756972
0.458828125,-80.9734810756972
0.4588671875,-89.9734810756972
0.45890625,-100.973481075697
0.4589453125,-105.973481075697
0.458984375,-104.973481075697
0.4590234375,-101.973481075697
0.4590625,-98.9734810756972
0.4591015625,-93.9734810756972
0.459140625,-84.9734810756972
0.4591796875,-70.9734810756972
0.45921875,-54.9734810756972
0.4592578125,-34.9734810756972
0.459296875,-13.9734810756972
0.4593359375,6.02651892430276
0.459375,24.0265189243028
0.4594140625,41.0265189243028
0.459453125,57.0265189243028
0.4594921875,71.0265189243028
0.45953125,81.0265189243028
0.4595703125,88.0265189243028
0.459609375,94.0265189243028
0.4596484375,103.026518924303
0.4596875,109.026518924303
0.4597265625,110.026518924303
0.459765625,102.026518924303
0.4598046875,90.0265189243028
0.45984375,76.0265189243028
0.4598828125,64.0265189243028
0.459921875,54.0265189243028
0.4599609375,40.0265189243028
0.46,26.0265189243028
0.4600390625,17.0265189243028
0.460078125,11.0265189243028
0.4601171875,4.02651892430276
0.46015625,-2.97348107569724
0.4601953125,-9.97348107569724
0.460234375,-19.9734810756972
0.4602734375,-31.9734810756972
0.4603125,-40.9734810756972
0.4603515625,-46.9734810756972
0.460390625,-49.9734810756972
0.4604296875,-54.9734810756972
0.46046875,-60.9734810756972
0.4605078125,-63.9734810756972
0.460546875,-65.9734810756972
0.4605859375,-60.9734810756972
0.460625,-53.9734810756972
0.4606640625,-48.9734810756972
0.460703125,-41.9734810756972
0.4607421875,-29.9734810756972
0.46078125,-19.9734810756972
0.4608203125,-9.97348107569724
0.460859375,1.02651892430276
0.4608984375,12.0265189243028
0.4609375,23.0265189243028
0.4609765625,34.0265189243028
0.461015625,43.0265189243028
0.4610546875,49.0265189243028
0.46109375,53.0265189243028
0.4611328125,55.0265189243028
0.461171875,53.0265189243028
0.4612109375,52.0265189243028
0.46125,54.0265189243028
0.4612890625,55.0265189243028
0.461328125,53.0265189243028
0.4613671875,50.0265189243028
0.46140625,44.0265189243028
0.4614453125,38.0265189243028
0.461484375,33.0265189243028
0.4615234375,25.0265189243028
0.4615625,20.0265189243028
0.4616015625,13.0265189243028
0.461640625,5.02651892430276
0.4616796875,-0.973481075697237
0.46171875,-6.97348107569724
0.4617578125,-13.9734810756972
0.461796875,-19.9734810756972
0.4618359375,-25.9734810756972
0.461875,-29.9734810756972
0.4619140625,-29.9734810756972
0.461953125,-30.9734810756972
0.4619921875,-30.9734810756972
0.46203125,-31.9734810756972
0.4620703125,-33.9734810756972
0.462109375,-35.9734810756972
0.4621484375,-34.9734810756972
0.4621875,-33.9734810756972
0.4622265625,-30.9734810756972
0.462265625,-27.9734810756972
0.4623046875,-23.9734810756972
0.46234375,-19.9734810756972
0.4623828125,-15.9734810756972
0.462421875,-11.9734810756972
0.4624609375,-7.97348107569724
0.4625,-1.97348107569724
0.4625390625,2.02651892430276
0.462578125,5.02651892430276
0.4626171875,6.02651892430276
0.46265625,5.02651892430276
0.4626953125,4.02651892430276
0.462734375,3.02651892430276
0.4627734375,0.0265189243027635
0.4628125,-1.97348107569724
0.4628515625,-1.97348107569724
0.462890625,-1.97348107569724
0.4629296875,-0.973481075697237
0.46296875,2.02651892430276
0.4630078125,2.02651892430276
0.463046875,2.02651892430276
0.4630859375,3.02651892430276
0.463125,3.02651892430276
0.4631640625,1.02651892430276
0.463203125,0.0265189243027635
0.4632421875,-1.97348107569724
0.46328125,-4.97348107569724
0.4633203125,-6.97348107569724
0.463359375,-8.97348107569724
0.4633984375,-10.9734810756972
0.4634375,-11.9734810756972
0.4634765625,-10.9734810756972
0.463515625,-9.97348107569724
0.4635546875,-6.97348107569724
0.46359375,-4.97348107569724
0.4636328125,-3.97348107569724
0.463671875,-1.97348107569724
0.4637109375,0.0265189243027635
0.46375,0.0265189243027635
0.4637890625,0.0265189243027635
0.463828125,1.02651892430276
0.4638671875,2.02651892430276
0.46390625,1.02651892430276
0.4639453125,4.02651892430276
0.463984375,6.02651892430276
0.4640234375,6.02651892430276
0.4640625,6.02651892430276
0.4641015625,7.02651892430276
0.464140625,10.0265189243028
0.4641796875,12.0265189243028
0.46421875,16.0265189243028
0.4642578125,20.0265189243028
0.464296875,24.0265189243028
0.4643359375,24.0265189243028
0.464375,23.0265189243028
0.4644140625,21.0265189243028
0.464453125,19.0265189243028
0.4644921875,17.0265189243028
0.46453125,15.0265189243028
0.4645703125,12.0265189243028
0.464609375,8.02651892430276
0.4646484375,5.02651892430276
0.4646875,0.0265189243027635
0.4647265625,-2.97348107569724
0.464765625,-4.97348107569724
0.4648046875,-6.97348107569724
0.46484375,-6.97348107569724
0.4648828125,-7.97348107569724
0.464921875,-7.97348107569724
0.4649609375,-6.97348107569724
0.465,-6.97348107569724
0.4650390625,-7.97348107569724
0.465078125,-8.97348107569724
0.4651171875,-10.9734810756972
0.46515625,-13.9734810756972
0.4651953125,-12.9734810756972
0.465234375,-13.9734810756972
0.4652734375,-13.9734810756972
0.4653125,-14.9734810756972
0.4653515625,-14.9734810756972
0.465390625,-15.9734810756972
0.4654296875,-15.9734810756972
0.46546875,-13.9734810756972
0.4655078125,-10.9734810756972
0.465546875,-7.97348107569724
0.4655859375,-3.97348107569724
0.465625,-2.97348107569724
0.4656640625,0.0265189243027635
0.465703125,0.0265189243027635
0.4657421875,2.02651892430276
0.46578125,5.02651892430276
0.4658203125,7.02651892430276
0.465859375,8.02651892430276
0.4658984375,9.02651892430276
0.4659375,12.0265189243028
0.4659765625,12.0265189243028
0.466015625,12.0265189243028
0.4660546875,11.0265189243028
0.46609375,10.0265189243028
0.4661328125,10.0265189243028
0.466171875,10.0265189243028
0.4662109375,8.02651892430276
0.46625,8.02651892430276
0.4662890625,7.02651892430276
0.466328125,6.02651892430276
0.4663671875,4.02651892430276
0.46640625,2.02651892430276
0.4664453125,0.0265189243027635
0.466484375,0.0265189243027635
0.4665234375,-0.973481075697237
0.4665625,-1.97348107569724
0.4666015625,-1.97348107569724
0.466640625,-1.97348107569724
0.4666796875,-2.97348107569724
0.46671875,-2.97348107569724
0.4667578125,-2.97348107569724
0.466796875,-1.97348107569724
0.4668359375,-1.97348107569724
0.466875,-0.973481075697237
0.4669140625,-0.973481075697237
0.466953125,-1.97348107569724
0.4669921875,-0.973481075697237
0.46703125,-0.973481075697237
0.4670703125,3.02651892430276
0.467109375,6.02651892430276
0.4671484375,9.02651892430276
0.4671875,11.0265189243028
0.4672265625,12.0265189243028
0.467265625,12.0265189243028
0.4673046875,8.02651892430276
0.46734375,4.02651892430276
0.4673828125,0.0265189243027635
0.467421875,-3.97348107569724
0.4674609375,-6.97348107569724
0.4675,-8.97348107569724
0.4675390625,-10.9734810756972
0.467578125,-11.9734810756972
0.4676171875,-11.9734810756972
0.46765625,-10.9734810756972
0.4676953125,-7.97348107569724
0.467734375,-6.97348107569724
0.4677734375,-1.97348107569724
0.4678125,2.02651892430276
0.4678515625,4.02651892430276
0.467890625,6.02651892430276
0.4679296875,5.02651892430276
0.46796875,3.02651892430276
0.4680078125,2.02651892430276
0.468046875,0.0265189243027635
0.4680859375,0.0265189243027635
0.468125,0.0265189243027635
0.4681640625,-1.97348107569724
0.468203125,-2.97348107569724
0.4682421875,-1.97348107569724
0.46828125,-1.97348107569724
0.4683203125,-1.97348107569724
0.468359375,0.0265189243027635
0.4683984375,1.02651892430276
0.4684375,3.02651892430276
0.4684765625,4.02651892430276
0.468515625,5.02651892430276
0.4685546875,4.02651892430276
0.46859375,2.02651892430276
0.4686328125,-0.973481075697237
0.468671875,-1.97348107569724
0.4687109375,-2.97348107569724
0.46875,-2.97348107569724
0.4687890625,-4.97348107569724
0.468828125,-4.97348107569724
0.4688671875,-3.97348107569724
0.46890625,-4.97348107569724
0.4689453125,-4.97348107569724
0.468984375,-4.97348107569724
0.4690234375,-3.97348107569724
0.4690625,-3.97348107569724
0.4691015625,-3.97348107569724
0.469140625,-3.97348107569724
0.4691796875,-4.97348107569724
0.46921875,-7.97348107569724
0.4692578125,-7.97348107569724
0.469296875,-8.97348107569724
0.4693359375,-7.97348107569724
0.469375,-5.97348107569724
0.4694140625,-2.97348107569724
0.469453125,0.0265189243027635
0.4694921875,2.02651892430276
0.46953125,3.02651892430276
0.4695703125,3.02651892430276
0.469609375,3.02651892430276
0.4696484375,3.02651892430276
0.4696875,2.02651892430276
0.4697265625,2.02651892430276
0.469765625,3.02651892430276
0.4698046875,5.02651892430276
0.46984375,5.02651892430276
0.4698828125,4.02651892430276
0.469921875,4.02651892430276
0.4699609375,3.02651892430276
0.47,4.02651892430276
0.4700390625,5.02651892430276
0.470078125,6.02651892430276
0.4701171875,7.02651892430276
0.47015625,6.02651892430276
0.4701953125,4.02651892430276
0.470234375,2.02651892430276
0.4702734375,0.0265189243027635
0.4703125,-0.973481075697237
0.4703515625,0.0265189243027635
0.470390625,1.02651892430276
0.4704296875,1.02651892430276
0.47046875,1.02651892430276
0.4705078125,2.02651892430276
0.470546875,3.02651892430276
0.4705859375,4.02651892430276
0.470625,4.02651892430276
0.4706640625,5.02651892430276
0.470703125,6.02651892430276
0.4707421875,7.02651892430276
0.47078125,8.02651892430276
0.4708203125,6.02651892430276
0.470859375,4.02651892430276
0.4708984375,3.02651892430276
0.4709375,4.02651892430276
0.4709765625,4.02651892430276
0.471015625,4.02651892430276
0.4710546875,5.02651892430276
0.47109375,6.02651892430276
0.4711328125,6.02651892430276
0.471171875,6.02651892430276
0.4712109375,4.02651892430276
0.47125,3.02651892430276
0.4712890625,3.02651892430276
0.471328125,3.02651892430276
0.4713671875,2.02651892430276
0.47140625,3.02651892430276
0.4714453125,1.02651892430276
0.471484375,-0.973481075697237
0.4715234375,-3.97348107569724
0.4715625,-6.97348107569724
0.4716015625,-9.97348107569724
0.471640625,-12.9734810756972
0.4716796875,-14.9734810756972
0.47171875,-16.9734810756972
0.4717578125,-17.9734810756972
0.471796875,-18.9734810756972
0.4718359375,-19.9734810756972
0.471875,-19.9734810756972
0.4719140625,-19.9734810756972
0.471953125,-18.9734810756972
0.4719921875,-15.9734810756972
0.47203125,-11.9734810756972
0.4720703125,-7.97348107569724
0.472109375,-4.97348107569724
0.4721484375,-0.973481075697237
0.4721875,3.02651892430276
0.4722265625,5.02651892430276
0.472265625,8.02651892430276
0.4723046875,11.0265189243028
0.47234375,13.0265189243028
0.4723828125,16.0265189243028
0.472421875,17.0265189243028
0.4724609375,15.0265189243028
0.4725,12.0265189243028
0.4725390625,9.02651892430276
0.472578125,6.02651892430276
0.4726171875,4.02651892430276
0.47265625,5.02651892430276
0.4726953125,6.02651892430276
0.472734375,7.02651892430276
0.4727734375,6.02651892430276
0.4728125,7.02651892430276
0.4728515625,6.02651892430276
0.472890625,4.02651892430276
0.4729296875,4.02651892430276
0.47296875,3.02651892430276
0.4730078125,2.02651892430276
0.473046875,2.02651892430276
0.4730859375,2.02651892430276
0.473125,0.0265189243027635
0.4731640625,-1.97348107569724
0.473203125,-3.97348107569724
0.4732421875,-7.97348107569724
0.47328125,-9.97348107569724
0.4733203125,-10.9734810756972
0.473359375,-11.9734810756972
0.4733984375,-14.9734810756972
0.4734375,-16.9734810756972
0.4734765625,-18.9734810756972
0.473515625,-19.9734810756972
0.4735546875,-18.9734810756972
0.47359375,-16.9734810756972
0.4736328125,-10.9734810756972
0.473671875,-5.97348107569724
0.4737109375,0.0265189243027635
0.47375,4.02651892430276
0.4737890625,8.02651892430276
0.473828125,10.0265189243028
0.4738671875,12.0265189243028
0.47390625,12.0265189243028
0.4739453125,12.0265189243028
0.473984375,12.0265189243028
0.4740234375,12.0265189243028
0.4740625,10.0265189243028
0.4741015625,9.02651892430276
0.474140625,6.02651892430276
0.4741796875,6.02651892430276
0.47421875,6.02651892430276
0.4742578125,7.02651892430276
0.474296875,8.02651892430276
0.4743359375,10.0265189243028
0.474375,12.0265189243028
0.4744140625,12.0265189243028
0.474453125,10.0265189243028
0.4744921875,8.02651892430276
0.47453125,5.02651892430276
0.4745703125,4.02651892430276
0.474609375,3.02651892430276
0.4746484375,-0.973481075697237
0.4746875,-5.97348107569724
0.4747265625,-8.97348107569724
0.474765625,-6.97348107569724
0.4748046875,-1.97348107569724
0.47484375,2.02651892430276
0.4748828125,3.02651892430276
0.474921875,-0.973481075697237
0.4749609375,-5.97348107569724
0.475,-9.97348107569724
0.4750390625,-10.9734810756972
0.475078125,-11.9734810756972
0.4751171875,-11.9734810756972
0.47515625,-9.97348107569724
0.4751953125,-3.97348107569724
0.475234375,2.02651892430276
0.4752734375,12.0265189243028
0.4753125,19.0265189243028
0.4753515625,23.0265189243028
0.475390625,25.0265189243028
0.4754296875,24.0265189243028
0.47546875,23.0265189243028
0.4755078125,21.0265189243028
0.475546875,17.0265189243028
0.4755859375,13.0265189243028
0.475625,11.0265189243028
0.4756640625,7.02651892430276
0.475703125,1.02651892430276
0.4757421875,-4.97348107569724
0.47578125,-11.9734810756972
0.4758203125,-17.9734810756972
0.475859375,-21.9734810756972
0.4758984375,-26.9734810756972
0.4759375,-29.9734810756972
0.4759765625,-32.9734810756972
0.476015625,-34.9734810756972
0.4760546875,-35.9734810756972
0.47609375,-35.9734810756972
0.4761328125,-34.9734810756972
0.476171875,-32.9734810756972
0.4762109375,-30.9734810756972
0.47625,-28.9734810756972
0.4762890625,-26.9734810756972
0.476328125,-21.9734810756972
0.4763671875,-18.9734810756972
0.47640625,-14.9734810756972
0.4764453125,-8.97348107569724
0.476484375,-2.97348107569724
0.4765234375,5.02651892430276
0.4765625,13.0265189243028
0.4766015625,21.0265189243028
0.476640625,26.0265189243028
0.4766796875,29.0265189243028
0.47671875,29.0265189243028
0.4767578125,26.0265189243028
0.476796875,24.0265189243028
0.4768359375,21.0265189243028
0.476875,19.0265189243028
0.4769140625,21.0265189243028
0.476953125,23.0265189243028
0.4769921875,22.0265189243028
0.47703125,21.0265189243028
0.4770703125,18.0265189243028
0.477109375,14.0265189243028
0.4771484375,12.0265189243028
0.4771875,10.0265189243028
0.4772265625,8.02651892430276
0.477265625,7.02651892430276
0.4773046875,9.02651892430276
0.47734375,9.02651892430276
0.4773828125,9.02651892430276
0.477421875,9.02651892430276
0.4774609375,9.02651892430276
0.4775,7.02651892430276
0.4775390625,6.02651892430276
0.477578125,3.02651892430276
0.4776171875,-0.973481075697237
0.47765625,-3.97348107569724
0.4776953125,-7.97348107569724
0.477734375,-11.9734810756972
0.4777734375,-14.9734810756972
0.4778125,-17.9734810756972
0.4778515625,-18.9734810756972
0.477890625,-19.9734810756972
0.4779296875,-21.9734810756972
0.47796875,-19.9734810756972
0.4780078125,-16.9734810756972
0.478046875,-14.9734810756972
0.4780859375,-12.9734810756972
0.478125,-10.9734810756972
0.4781640625,-7.97348107569724
0.478203125,-5.97348107569724
0.4782421875,-1.97348107569724
0.47828125,-0.973481075697237
0.4783203125,-0.973481075697237
0.478359375,-4.97348107569724
0.4783984375,-5.97348107569724
0.4784375,-6.97348107569724
0.4784765625,-4.97348107569724
0.478515625,-0.973481075697237
0.4785546875,3.02651892430276
0.47859375,6.02651892430276
0.4786328125,9.02651892430276
0.478671875,10.0265189243028
0.4787109375,11.0265189243028
0.47875,11.0265189243028
0.4787890625,11.0265189243028
0.478828125,11.0265189243028
0.4788671875,11.0265189243028
0.47890625,9.02651892430276
0.4789453125,7.02651892430276
0.478984375,6.02651892430276
0.4790234375,10.0265189243028
0.4790625,16.0265189243028
0.4791015625,20.0265189243028
0.479140625,23.0265189243028
0.4791796875,24.0265189243028
0.47921875,21.0265189243028
0.4792578125,17.0265189243028
0.479296875,9.02651892430276
0.4793359375,-0.973481075697237
0.479375,-5.97348107569724
0.4794140625,-10.9734810756972
0.479453125,-14.9734810756972
0.4794921875,-15.9734810756972
0.47953125,-16.9734810756972
0.4795703125,-17.9734810756972
0.479609375,-16.9734810756972
0.4796484375,-19.9734810756972
0.4796875,-21.9734810756972
0.4797265625,-22.9734810756972
0.479765625,-22.9734810756972
0.4798046875,-22.9734810756972
0.47984375,-21.9734810756972
0.4798828125,-19.9734810756972
0.479921875,-17.9734810756972
0.4799609375,-16.9734810756972
0.48,-13.9734810756972
0.4800390625,-11.9734810756972
0.480078125,-7.97348107569724
0.4801171875,-1.97348107569724
0.48015625,4.02651892430276
0.4801953125,10.0265189243028
0.480234375,14.0265189243028
0.4802734375,15.0265189243028
0.4803125,16.0265189243028
0.4803515625,18.0265189243028
0.480390625,20.0265189243028
0.4804296875,21.0265189243028
0.48046875,21.0265189243028
0.4805078125,20.0265189243028
0.480546875,19.0265189243028
0.4805859375,18.0265189243028
0.480625,14.0265189243028
0.4806640625,11.0265189243028
0.480703125,9.02651892430276
0.4807421875,6.02651892430276
0.48078125,5.02651892430276
0.4808203125,3.02651892430276
0.480859375,0.0265189243027635
0.4808984375,0.0265189243027635
0.4809375,-2.97348107569724
0.4809765625,-6.97348107569724
0.481015625,-8.97348107569724
0.4810546875,-9.97348107569724
0.48109375,-9.97348107569724
0.4811328125,-8.97348107569724
0.481171875,-7.97348107569724
0.4812109375,-5.97348107569724
0.48125,-3.97348107569724
0.4812890625,-3.97348107569724
0.481328125,-3.97348107569724
0.4813671875,-5.97348107569724
0.48140625,-5.97348107569724
0.4814453125,-6.97348107569724
0.481484375,-6.97348107569724
0.4815234375,-6.97348107569724
0.4815625,-6.97348107569724
0.4816015625,-6.97348107569724
0.481640625,-5.97348107569724
0.4816796875,-2.97348107569724
0.48171875,1.02651892430276
0.4817578125,6.02651892430276
0.481796875,10.0265189243028
0.4818359375,14.0265189243028
0.481875,17.0265189243028
0.4819140625,17.0265189243028
0.481953125,18.0265189243028
0.4819921875,17.0265189243028
0.48203125,15.0265189243028
0.4820703125,12.0265189243028
0.482109375,10.0265189243028
0.4821484375,6.02651892430276
0.4821875,2.02651892430276
0.4822265625,-2.97348107569724
0.482265625,-7.97348107569724
0.4823046875,-10.9734810756972
0.48234375,-13.9734810756972
0.4823828125,-15.9734810756972
0.482421875,-14.9734810756972
0.4824609375,-11.9734810756972
0.4825,-8.97348107569724
0.4825390625,-6.97348107569724
0.482578125,-4.97348107569724
0.4826171875,-5.97348107569724
0.48265625,-4.97348107569724
0.4826953125,-4.97348107569724
0.482734375,-4.97348107569724
0.4827734375,-2.97348107569724
0.4828125,-1.97348107569724
0.4828515625,-1.97348107569724
0.482890625,-1.97348107569724
0.4829296875,-2.97348107569724
0.48296875,-1.97348107569724
0.4830078125,0.0265189243027635
0.483046875,2.02651892430276
0.4830859375,4.02651892430276
0.483125,7.02651892430276
0.4831640625,8.02651892430276
0.483203125,8.02651892430276
0.4832421875,8.02651892430276
0.48328125,8.02651892430276
0.4833203125,6.02651892430276
0.483359375,7.02651892430276
0.4833984375,8.02651892430276
0.4834375,7.02651892430276
0.4834765625,7.02651892430276
0.483515625,5.02651892430276
0.4835546875,2.02651892430276
0.48359375,-0.973481075697237
0.4836328125,-4.97348107569724
0.483671875,-5.97348107569724
0.4837109375,-7.97348107569724
0.48375,-7.97348107569724
0.4837890625,-6.97348107569724
0.483828125,-5.97348107569724
0.4838671875,-4.97348107569724
0.48390625,-4.97348107569724
0.4839453125,-4.97348107569724
0.483984375,-3.97348107569724
0.4840234375,-3.97348107569724
0.4840625,-1.97348107569724
0.4841015625,-0.973481075697237
0.484140625,-1.97348107569724
0.4841796875,-2.97348107569724
0.48421875,-5.97348107569724
0.4842578125,-7.97348107569724
0.484296875,-9.97348107569724
0.4843359375,-8.97348107569724
0.484375,-7.97348107569724
0.4844140625,-6.97348107569724
0.484453125,-3.97348107569724
0.4844921875,-0.973481075697237
0.48453125,2.02651892430276
0.4845703125,4.02651892430276
0.484609375,5.02651892430276
0.4846484375,7.02651892430276
0.4846875,7.02651892430276
0.4847265625,8.02651892430276
0.484765625,9.02651892430276
0.4848046875,10.0265189243028
0.48484375,8.02651892430276
0.4848828125,6.02651892430276
0.484921875,4.02651892430276
0.4849609375,3.02651892430276
0.485,3.02651892430276
0.4850390625,3.02651892430276
0.485078125,5.02651892430276
0.4851171875,7.02651892430276
0.48515625,9.02651892430276
0.4851953125,9.02651892430276
0.485234375,8.02651892430276
0.4852734375,7.02651892430276
0.4853125,7.02651892430276
0.4853515625,6.02651892430276
0.485390625,6.02651892430276
0.4854296875,6.02651892430276
0.48546875,5.02651892430276
0.4855078125,2.02651892430276
0.485546875,-1.97348107569724
0.4855859375,-4.97348107569724
0.485625,-6.97348107569724
0.4856640625,-8.97348107569724
0.485703125,-8.97348107569724
0.4857421875,-8.97348107569724
0.48578125,-7.97348107569724
0.4858203125,-7.97348107569724
0.485859375,-8.97348107569724
0.4858984375,-9.97348107569724
0.4859375,-8.97348107569724
0.4859765625,-6.97348107569724
0.486015625,-4.97348107569724
0.4860546875,-1.97348107569724
0.48609375,0.0265189243027635
0.4861328125,0.0265189243027635
0.486171875,0.0265189243027635
0.4862109375,-0.973481075697237
0.48625,-0.973481075697237
0.4862890625,-0.973481075697237
0.486328125,-0.973481075697237
0.4863671875,0.0265189243027635
0.48640625,1.02651892430276
0.4864453125,1.02651892430276
0.486484375,-0.973481075697237
0.4865234375,-2.97348107569724
0.4865625,-1.97348107569724
0.4866015625,-0.973481075697237
0.486640625,1.02651892430276
0.4866796875,3.02651892430276
0.48671875,4.02651892430276
0.4867578125,5.02651892430276
0.486796875,5.02651892430276
0.4868359375,4.02651892430276
0.486875,2.02651892430276
0.4869140625,-0.973481075697237
0.486953125,-2.97348107569724
0.4869921875,-3.97348107569724
0.48703125,-3.97348107569724
0.4870703125,-3.97348107569724
0.487109375,-4.97348107569724
0.4871484375,-4.97348107569724
0.4871875,-7.97348107569724
0.4872265625,-9.97348107569724
0.487265625,-10.9734810756972
0.4873046875,-9.97348107569724
0.48734375,-6.97348107569724
0.4873828125,-5.97348107569724
0.487421875,-3.97348107569724
0.4874609375,-1.97348107569724
0.4875,0.0265189243027635
0.4875390625,1.02651892430276
0.487578125,2.02651892430276
0.4876171875,3.02651892430276
0.48765625,3.02651892430276
0.4876953125,4.02651892430276
0.487734375,6.02651892430276
0.4877734375,6.02651892430276
0.4878125,8.02651892430276
0.4878515625,9.02651892430276
0.487890625,10.0265189243028
0.4879296875,10.0265189243028
0.48796875,12.0265189243028
0.4880078125,14.0265189243028
0.488046875,15.0265189243028
0.4880859375,17.0265189243028
0.488125,15.0265189243028
0.4881640625,12.0265189243028
0.488203125,9.02651892430276
0.4882421875,8.02651892430276
0.48828125,9.02651892430276
0.4883203125,9.02651892430276
0.488359375,7.02651892430276
0.4883984375,7.02651892430276
0.4884375,5.02651892430276
0.4884765625,3.02651892430276
0.488515625,0.0265189243027635
0.4885546875,-1.97348107569724
0.48859375,-3.97348107569724
0.4886328125,-6.97348107569724
0.488671875,-8.97348107569724
0.4887109375,-11.9734810756972
0.48875,-13.9734810756972
0.4887890625,-14.9734810756972
0.488828125,-15.9734810756972
0.4888671875,-14.9734810756972
0.48890625,-13.9734810756972
0.4889453125,-11.9734810756972
0.488984375,-9.97348107569724
0.4890234375,-7.97348107569724
0.4890625,-5.97348107569724
0.4891015625,-4.97348107569724
0.489140625,-5.97348107569724
0.4891796875,-4.97348107569724
0.48921875,-2.97348107569724
0.4892578125,-1.97348107569724
0.489296875,1.02651892430276
0.4893359375,2.02651892430276
0.489375,3.02651892430276
0.4894140625,2.02651892430276
0.489453125,3.02651892430276
0.4894921875,2.02651892430276
0.48953125,4.02651892430276
0.4895703125,5.02651892430276
0.489609375,6.02651892430276
0.4896484375,7.02651892430276
0.4896875,9.02651892430276
0.4897265625,10.0265189243028
0.489765625,9.02651892430276
0.4898046875,7.02651892430276
0.48984375,5.02651892430276
0.4898828125,5.02651892430276
0.489921875,6.02651892430276
0.4899609375,6.02651892430276
0.49,5.02651892430276
0.4900390625,5.02651892430276
0.490078125,3.02651892430276
0.4901171875,2.02651892430276
0.49015625,0.0265189243027635
0.4901953125,-0.973481075697237
0.490234375,-2.97348107569724
0.4902734375,-2.97348107569724
0.4903125,-5.97348107569724
0.4903515625,-8.97348107569724
0.490390625,-12.9734810756972
0.4904296875,-14.9734810756972
0.49046875,-16.9734810756972
0.4905078125,-15.9734810756972
0.490546875,-14.9734810756972
0.4905859375,-12.9734810756972
0.490625,-10.9734810756972
0.4906640625,-8.97348107569724
0.490703125,-7.97348107569724
0.4907421875,-6.97348107569724
0.49078125,-5.97348107569724
0.4908203125,-4.97348107569724
0.490859375,-2.97348107569724
0.4908984375,0.0265189243027635
0.4909375,3.02651892430276
0.4909765625,6.02651892430276
0.491015625,8.02651892430276
0.4910546875,9.02651892430276
0.49109375,9.02651892430276
0.4911328125,9.02651892430276
0.491171875,9.02651892430276
0.4912109375,11.0265189243028
0.49125,13.0265189243028
0.4912890625,12.0265189243028
0.491328125,11.0265189243028
0.4913671875,9.02651892430276
0.49140625,8.02651892430276
0.4914453125,7.02651892430276
0.491484375,6.02651892430276
0.4915234375,6.02651892430276
0.4915625,5.02651892430276
0.4916015625,4.02651892430276
0.491640625,4.02651892430276
0.4916796875,3.02651892430276
0.49171875,2.02651892430276
0.4917578125,1.02651892430276
0.491796875,1.02651892430276
0.4918359375,1.02651892430276
0.491875,1.02651892430276
0.4919140625,2.02651892430276
0.491953125,2.02651892430276
0.4919921875,1.02651892430276
0.49203125,-0.973481075697237
0.4920703125,-2.97348107569724
0.492109375,-4.97348107569724
0.4921484375,-4.97348107569724
0.4921875,-5.97348107569724
0.4922265625,-5.97348107569724
0.492265625,-5.97348107569724
0.4923046875,-5.97348107569724
0.49234375,-7.97348107569724
0.4923828125,-7.97348107569724
0.492421875,-8.97348107569724
0.4924609375,-8.97348107569724
0.4925,-7.97348107569724
0.4925390625,-4.97348107569724
0.492578125,-3.97348107569724
0.4926171875,-0.973481075697237
0.49265625,0.0265189243027635
0.4926953125,1.02651892430276
0.492734375,3.02651892430276
0.4927734375,5.02651892430276
0.4928125,6.02651892430276
0.4928515625,8.02651892430276
0.492890625,7.02651892430276
0.4929296875,5.02651892430276
0.49296875,2.02651892430276
0.4930078125,-1.97348107569724
0.493046875,-4.97348107569724
0.4930859375,-8.97348107569724
0.493125,-10.9734810756972
0.4931640625,-12.9734810756972
0.493203125,-11.9734810756972
0.4932421875,-11.9734810756972
0.49328125,-8.97348107569724
0.4933203125,-7.97348107569724
0.493359375,-4.97348107569724
0.4933984375,-2.97348107569724
0.4934375,1.02651892430276
0.4934765625,4.02651892430276
0.493515625,8.02651892430276
0.4935546875,12.0265189243028
0.49359375,12.0265189243028
0.4936328125,11.0265189243028
0.493671875,8.02651892430276
0.4937109375,6.02651892430276
0.49375,4.02651892430276
0.4937890625,3.02651892430276
0.493828125,2.02651892430276
0.4938671875,1.02651892430276
0.49390625,2.02651892430276
0.4939453125,2.02651892430276
0.493984375,1.02651892430276
0.4940234375,0.0265189243027635
0.4940625,1.02651892430276
0.4941015625,2.02651892430276
0.494140625,1.02651892430276
0.4941796875,-1.97348107569724
0.49421875,-4.97348107569724
0.4942578125,-2.97348107569724
0.494296875,5.02651892430276
0.4943359375,12.0265189243028
0.494375,17.0265189243028
0.4944140625,15.0265189243028
0.494453125,9.02651892430276
0.4944921875,6.02651892430276
0.49453125,3.02651892430276
0.4945703125,0.0265189243027635
0.494609375,-5.97348107569724
0.4946484375,-14.9734810756972
0.4946875,-20.9734810756972
0.4947265625,-22.9734810756972
0.494765625,-20.9734810756972
0.4948046875,-10.9734810756972
0.49484375,1.02651892430276
0.4948828125,10.0265189243028
0.494921875,13.0265189243028
0.4949609375,15.0265189243028
0.495,16.0265189243028
0.4950390625,15.0265189243028
0.495078125,10.0265189243028
0.4951171875,7.02651892430276
0.49515625,4.02651892430276
0.4951953125,0.0265189243027635
0.495234375,0.0265189243027635
0.4952734375,3.02651892430276
0.4953125,4.02651892430276
0.4953515625,3.02651892430276
0.495390625,1.02651892430276
0.4954296875,0.0265189243027635
0.49546875,-0.973481075697237
0.4955078125,1.02651892430276
0.495546875,1.02651892430276
0.4955859375,-1.97348107569724
0.495625,-5.97348107569724
0.4956640625,-10.9734810756972
0.495703125,-13.9734810756972
0.4957421875,-13.9734810756972
0.49578125,-12.9734810756972
0.4958203125,-11.9734810756972
0.495859375,-11.9734810756972
0.4958984375,-11.9734810756972
0.4959375,-12.9734810756972
0.4959765625,-15.9734810756972
0.496015625,-16.9734810756972
0.4960546875,-15.9734810756972
0.49609375,-12.9734810756972
0.4961328125,-8.97348107569724
0.496171875,-4.97348107569724
0.4962109375,-0.973481075697237
0.49625,3.02651892430276
0.4962890625,4.02651892430276
0.496328125,5.02651892430276
0.4963671875,6.02651892430276
0.49640625,8.02651892430276
0.4964453125,10.0265189243028
0.496484375,11.0265189243028
0.4965234375,12.0265189243028
0.4965625,11.0265189243028
0.4966015625,10.0265189243028
0.496640625,8.02651892430276
0.4966796875,7.02651892430276
0.49671875,7.02651892430276
0.4967578125,8.02651892430276
0.496796875,9.02651892430276
0.4968359375,10.0265189243028
0.496875,11.0265189243028
0.4969140625,11.0265189243028
0.496953125,10.0265189243028
0.4969921875,8.02651892430276
0.49703125,6.02651892430276
0.4970703125,4.02651892430276
0.497109375,2.02651892430276
0.4971484375,0.0265189243027635
0.4971875,-1.97348107569724
0.4972265625,-2.97348107569724
0.497265625,-4.97348107569724
0.4973046875,-6.97348107569724
0.49734375,-9.97348107569724
0.4973828125,-8.97348107569724
0.497421875,-6.97348107569724
0.4974609375,-3.97348107569724
0.4975,-2.97348107569724
0.4975390625,-0.973481075697237
0.497578125,-0.973481075697237
0.4976171875,-1.97348107569724
0.49765625,-1.97348107569724
0.4976953125,-3.97348107569724
0.497734375,-2.97348107569724
0.4977734375,-2.97348107569724
0.4978125,-3.97348107569724
0.4978515625,-4.97348107569724
0.497890625,-7.97348107569724
0.4979296875,-7.97348107569724
0.49796875,-8.97348107569724
0.4980078125,-5.97348107569724
0.498046875,-3.97348107569724
0.4980859375,0.0265189243027635
0.498125,3.02651892430276
0.4981640625,7.02651892430276
0.498203125,10.0265189243028
0.4982421875,14.0265189243028
0.49828125,14.0265189243028
0.4983203125,13.0265189243028
0.498359375,14.0265189243028
0.4983984375,14.0265189243028
0.4984375,14.0265189243028
0.4984765625,14.0265189243028
0.498515625,12.0265189243028
0.4985546875,9.02651892430276
0.49859375,7.02651892430276
0.4986328125,6.02651892430276
0.498671875,4.02651892430276
0.4987109375,3.02651892430276
0.49875,0.0265189243027635
0.4987890625,-2.97348107569724
0.498828125,-6.97348107569724
0.4988671875,-12.9734810756972
0.49890625,-16.9734810756972
0.4989453125,-20.9734810756972
0.498984375,-23.9734810756972
0.4990234375,-25.9734810756972
0.4990625,-25.9734810756972
0.4991015625,-24.9734810756972
0.499140625,-23.9734810756972
0.4991796875,-24.9734810756972
0.49921875,-23.9734810756972
0.4992578125,-21.9734810756972
0.499296875,-14.9734810756972
0.4993359375,-9.97348107569724
0.499375,-5.97348107569724
0.4994140625,-3.97348107569724
0.499453125,-0.973481075697237
0.4994921875,10.0265189243028
0.49953125,21.0265189243028
0.4995703125,25.0265189243028
0.499609375,24.0265189243028
0.4996484375,24.0265189243028
0.4996875,24.0265189243028
0.4997265625,23.0265189243028
0.499765625,20.0265189243028
0.4998046875,13.0265189243028
0.49984375,5.02651892430276
0.4998828125,2.02651892430276
0.499921875,2.02651892430276
0.4999609375,4.02651892430276
0.5,7.02651892430276
0.5000390625,11.0265189243028
0.500078125,12.0265189243028
0.5001171875,13.0265189243028
0.50015625,12.0265189243028
0.5001953125,11.0265189243028
0.500234375,7.02651892430276
0.5002734375,1.02651892430276
0.5003125,-6.97348107569724
0.5003515625,-11.9734810756972
0.500390625,-16.9734810756972
0.5004296875,-20.9734810756972
0.50046875,-23.9734810756972
0.5005078125,-22.9734810756972
0.500546875,-25.9734810756972
0.5005859375,-26.9734810756972
0.500625,-22.9734810756972
0.5006640625,-16.9734810756972
0.500703125,-10.9734810756972
0.5007421875,-4.97348107569724
0.50078125,0.0265189243027635
0.5008203125,4.02651892430276
0.500859375,6.02651892430276
0.5008984375,8.02651892430276
0.5009375,9.02651892430276
0.5009765625,7.02651892430276
0.501015625,7.02651892430276
0.5010546875,6.02651892430276
0.50109375,8.02651892430276
0.5011328125,8.02651892430276
0.501171875,9.02651892430276
0.5012109375,9.02651892430276
0.50125,11.0265189243028
0.5012890625,15.0265189243028
0.501328125,18.0265189243028
0.5013671875,19.0265189243028
0.50140625,20.0265189243028
0.5014453125,19.0265189243028
0.501484375,16.0265189243028
0.5015234375,13.0265189243028
0.5015625,10.0265189243028
0.5016015625,6.02651892430276
0.501640625,4.02651892430276
0.5016796875,0.0265189243027635
0.50171875,-3.97348107569724
0.5017578125,-7.97348107569724
0.501796875,-12.9734810756972
0.5018359375,-16.9734810756972
0.501875,-21.9734810756972
0.5019140625,-23.9734810756972
0.501953125,-24.9734810756972
0.5019921875,-24.9734810756972
0.50203125,-21.9734810756972
0.5020703125,-20.9734810756972
0.502109375,-18.9734810756972
0.5021484375,-15.9734810756972
0.5021875,-11.9734810756972
0.5022265625,-6.97348107569724
0.502265625,-2.97348107569724
0.5023046875,0.0265189243027635
0.50234375,4.02651892430276
0.5023828125,8.02651892430276
0.502421875,10.0265189243028
0.5024609375,13.0265189243028
0.5025,14.0265189243028
0.5025390625,16.0265189243028
0.502578125,18.0265189243028
0.5026171875,23.0265189243028
0.50265625,27.0265189243028
0.5026953125,31.0265189243028
0.502734375,34.0265189243028
0.5027734375,32.0265189243028
0.5028125,31.0265189243028
0.5028515625,27.0265189243028
0.502890625,23.0265189243028
0.5029296875,18.0265189243028
0.50296875,11.0265189243028
0.5030078125,4.02651892430276
0.503046875,-2.97348107569724
0.5030859375,-9.97348107569724
0.503125,-16.9734810756972
0.5031640625,-21.9734810756972
0.503203125,-25.9734810756972
0.5032421875,-27.9734810756972
0.50328125,-28.9734810756972
0.5033203125,-27.9734810756972
0.503359375,-27.9734810756972
0.5033984375,-27.9734810756972
0.5034375,-27.9734810756972
0.5034765625,-26.9734810756972
0.503515625,-24.9734810756972
0.5035546875,-22.9734810756972
0.50359375,-18.9734810756972
0.5036328125,-14.9734810756972
0.503671875,-10.9734810756972
0.5037109375,-7.97348107569724
0.50375,-3.97348107569724
0.5037890625,-2.97348107569724
0.503828125,-1.97348107569724
0.5038671875,0.0265189243027635
0.50390625,3.02651892430276
0.5039453125,6.02651892430276
0.503984375,10.0265189243028
0.5040234375,13.0265189243028
0.5040625,14.0265189243028
0.5041015625,16.0265189243028
0.504140625,16.0265189243028
0.5041796875,17.0265189243028
0.50421875,19.0265189243028
0.5042578125,19.0265189243028
0.504296875,18.0265189243028
0.5043359375,18.0265189243028
0.504375,16.0265189243028
0.5044140625,13.0265189243028
0.504453125,9.02651892430276
0.5044921875,5.02651892430276
0.50453125,1.02651892430276
0.5045703125,-1.97348107569724
0.504609375,-3.97348107569724
0.5046484375,-5.97348107569724
0.5046875,-6.97348107569724
0.5047265625,-8.97348107569724
0.504765625,-10.9734810756972
0.5048046875,-10.9734810756972
0.50484375,-11.9734810756972
0.5048828125,-10.9734810756972
0.504921875,-9.97348107569724
0.5049609375,-7.97348107569724
0.505,-6.97348107569724
0.5050390625,-6.97348107569724
0.505078125,-5.97348107569724
0.5051171875,-5.97348107569724
0.50515625,-4.97348107569724
0.5051953125,-3.97348107569724
0.505234375,-0.973481075697237
0.5052734375,2.02651892430276
0.5053125,6.02651892430276
0.5053515625,9.02651892430276
0.505390625,11.0265189243028
0.5054296875,12.0265189243028
0.50546875,14.0265189243028
0.5055078125,17.0265189243028
0.505546875,18.0265189243028
0.5055859375,17.0265189243028
0.505625,16.0265189243028
0.5056640625,16.0265189243028
0.505703125,16.0265189243028
0.5057421875,14.0265189243028
0.50578125,12.0265189243028
0.5058203125,9.02651892430276
0.505859375,9.02651892430276
0.5058984375,8.02651892430276
0.5059375,6.02651892430276
0.5059765625,4.02651892430276
0.506015625,0.0265189243027635
0.5060546875,-3.97348107569724
0.50609375,-6.97348107569724
0.5061328125,-8.97348107569724
0.506171875,-9.97348107569724
0.5062109375,-11.9734810756972
0.50625,-10.9734810756972
0.5062890625,-10.9734810756972
0.506328125,-12.9734810756972
0.5063671875,-14.9734810756972
0.50640625,-16.9734810756972
0.5064453125,-16.9734810756972
0.506484375,-17.9734810756972
0.5065234375,-15.9734810756972
0.5065625,-12.9734810756972
0.5066015625,-10.9734810756972
0.506640625,-8.97348107569724
0.5066796875,-6.97348107569724
0.50671875,-3.97348107569724
0.5067578125,-1.97348107569724
0.506796875,-0.973481075697237
0.5068359375,2.02651892430276
0.506875,3.02651892430276
0.5069140625,6.02651892430276
0.506953125,7.02651892430276
0.5069921875,7.02651892430276
0.50703125,8.02651892430276
0.5070703125,9.02651892430276
0.507109375,10.0265189243028
0.5071484375,9.02651892430276
0.5071875,8.02651892430276
0.5072265625,7.02651892430276
0.507265625,6.02651892430276
0.5073046875,2.02651892430276
0.50734375,-1.97348107569724
0.5073828125,-6.97348107569724
0.507421875,-10.9734810756972
0.5074609375,-14.9734810756972
0.5075,-16.9734810756972
0.5075390625,-16.9734810756972
0.507578125,-17.9734810756972
0.5076171875,-16.9734810756972
0.50765625,-15.9734810756972
0.5076953125,-14.9734810756972
0.507734375,-10.9734810756972
0.5077734375,-6.97348107569724
0.5078125,-2.97348107569724
0.5078515625,0.0265189243027635
0.507890625,5.02651892430276
0.5079296875,8.02651892430276
0.50796875,11.0265189243028
0.5080078125,12.0265189243028
0.508046875,11.0265189243028
0.5080859375,10.0265189243028
0.508125,9.02651892430276
0.5081640625,10.0265189243028
0.508203125,11.0265189243028
0.5082421875,12.0265189243028
0.50828125,11.0265189243028
0.5083203125,12.0265189243028
0.508359375,11.0265189243028
0.5083984375,10.0265189243028
0.5084375,9.02651892430276
0.5084765625,10.0265189243028
0.508515625,12.0265189243028
0.5085546875,13.0265189243028
0.50859375,11.0265189243028
0.5086328125,8.02651892430276
0.508671875,5.02651892430276
0.5087109375,3.02651892430276
0.50875,0.0265189243027635
0.5087890625,-0.973481075697237
0.508828125,-0.973481075697237
0.5088671875,-1.97348107569724
0.50890625,-0.973481075697237
0.5089453125,-1.97348107569724
0.508984375,-3.97348107569724
0.5090234375,-4.97348107569724
0.5090625,-6.97348107569724
0.5091015625,-7.97348107569724
0.509140625,-8.97348107569724
0.5091796875,-8.97348107569724
0.50921875,-7.97348107569724
0.5092578125,-7.97348107569724
0.509296875,-6.97348107569724
0.5093359375,-6.97348107569724
0.509375,-5.97348107569724
0.5094140625,-4.97348107569724
0.509453125,-1.97348107569724
0.5094921875,0.0265189243027635
0.50953125,2.02651892430276
0.5095703125,3.02651892430276
0.509609375,2.02651892430276
0.5096484375,2.02651892430276
0.5096875,-0.973481075697237
0.5097265625,-1.97348107569724
0.509765625,-0.973481075697237
0.5098046875,1.02651892430276
0.50984375,3.02651892430276
0.5098828125,3.02651892430276
0.509921875,3.02651892430276
0.5099609375,4.02651892430276
0.51,3.02651892430276
0.5100390625,2.02651892430276
0.510078125,2.02651892430276
0.5101171875,2.02651892430276
0.51015625,2.02651892430276
0.5101953125,1.02651892430276
0.510234375,0.0265189243027635
0.5102734375,-2.97348107569724
0.5103125,-4.97348107569724
0.5103515625,-6.97348107569724
0.510390625,-8.97348107569724
0.5104296875,-7.97348107569724
0.51046875,-6.97348107569724
0.5105078125,-5.97348107569724
0.510546875,-4.97348107569724
0.5105859375,-5.97348107569724
0.510625,-6.97348107569724
0.5106640625,-6.97348107569724
0.510703125,-6.97348107569724
0.5107421875,-5.97348107569724
0.51078125,-4.97348107569724
0.5108203125,-4.97348107569724
0.510859375,-4.97348107569724
0.5108984375,-2.97348107569724
0.5109375,-0.973481075697237
0.5109765625,-0.973481075697237
0.511015625,-0.973481075697237
0.5110546875,1.02651892430276
0.51109375,2.02651892430276
0.5111328125,3.02651892430276
0.511171875,4.02651892430276
0.5112109375,6.02651892430276
0.51125,7.02651892430276
0.5112890625,8.02651892430276
0.511328125,8.02651892430276
0.5113671875,9.02651892430276
0.51140625,11.0265189243028
0.5114453125,12.0265189243028
0.511484375,12.0265189243028
0.5115234375,12.0265189243028
0.5115625,8.02651892430276
0.5116015625,4.02651892430276
0.511640625,0.0265189243027635
0.5116796875,-3.97348107569724
0.51171875,-4.97348107569724
0.5117578125,-5.97348107569724
0.511796875,-4.97348107569724
0.5118359375,-4.97348107569724
0.511875,-4.97348107569724
0.5119140625,-3.97348107569724
0.511953125,-2.97348107569724
0.5119921875,-1.97348107569724
0.51203125,0.0265189243027635
0.5120703125,2.02651892430276
0.512109375,4.02651892430276
0.5121484375,7.02651892430276
0.5121875,8.02651892430276
0.5122265625,7.02651892430276
0.512265625,4.02651892430276
0.5123046875,2.02651892430276
0.51234375,0.0265189243027635
0.5123828125,-1.97348107569724
0.512421875,-2.97348107569724
0.5124609375,-2.97348107569724
0.5125,-3.97348107569724
0.5125390625,-3.97348107569724
0.512578125,-4.97348107569724
0.5126171875,-4.97348107569724
0.51265625,-3.97348107569724
0.5126953125,-1.97348107569724
0.512734375,-0.973481075697237
0.5127734375,0.0265189243027635
0.5128125,-0.973481075697237
0.5128515625,-1.97348107569724
0.512890625,-2.97348107569724
0.5129296875,-2.97348107569724
0.51296875,-2.97348107569724
0.5130078125,-0.973481075697237
0.513046875,1.02651892430276
0.5130859375,2.02651892430276
0.513125,3.02651892430276
0.5131640625,3.02651892430276
0.513203125,2.02651892430276
0.5132421875,2.02651892430276
0.51328125,0.0265189243027635
0.5133203125,0.0265189243027635
0.513359375,2.02651892430276
0.5133984375,4.02651892430276
0.5134375,7.02651892430276
0.5134765625,8.02651892430276
0.513515625,7.02651892430276
0.5135546875,4.02651892430276
0.51359375,2.02651892430276
0.5136328125,2.02651892430276
0.513671875,-0.973481075697237
0.5137109375,-1.97348107569724
0.51375,-6.97348107569724
0.5137890625,-13.9734810756972
0.513828125,-16.9734810756972
0.5138671875,-12.9734810756972
0.51390625,-7.97348107569724
0.5139453125,-2.97348107569724
0.513984375,-2.97348107569724
0.5140234375,-3.97348107569724
0.5140625,-1.97348107569724
0.5141015625,-2.97348107569724
0.514140625,-3.97348107569724
0.5141796875,-2.97348107569724
0.51421875,-3.97348107569724
0.5142578125,-2.97348107569724
0.514296875,1.02651892430276
0.5143359375,4.02651892430276
0.514375,6.02651892430276
0.5144140625,8.02651892430276
0.514453125,8.02651892430276
0.5144921875,5.02651892430276
0.51453125,2.02651892430276
0.5145703125,0.0265189243027635
0.514609375,-1.97348107569724
0.5146484375,-0.973481075697237
0.5146875,3.02651892430276
0.5147265625,8.02651892430276
0.514765625,12.0265189243028
0.5148046875,14.0265189243028
0.51484375,14.0265189243028
0.5148828125,16.0265189243028
0.514921875,17.0265189243028
0.5149609375,15.0265189243028
0.515,16.0265189243028
0.5150390625,13.0265189243028
0.515078125,10.0265189243028
0.5151171875,6.02651892430276
0.51515625,2.02651892430276
0.5151953125,-0.973481075697237
0.515234375,-1.97348107569724
0.5152734375,-2.97348107569724
0.5153125,-5.97348107569724
0.5153515625,-5.97348107569724
0.515390625,-5.97348107569724
0.5154296875,-6.97348107569724
0.51546875,-6.97348107569724
0.5155078125,-8.97348107569724
0.515546875,-11.9734810756972
0.5155859375,-13.9734810756972
0.515625,-15.9734810756972
0.5156640625,-16.9734810756972
0.515703125,-17.9734810756972
0.5157421875,-18.9734810756972
0.51578125,-21.9734810756972
0.5158203125,-23.9734810756972
0.515859375,-23.9734810756972
0.5158984375,-20.9734810756972
0.5159375,-16.9734810756972
0.5159765625,-11.9734810756972
0.516015625,-7.97348107569724
0.5160546875,-4.97348107569724
0.51609375,-2.97348107569724
0.5161328125,-0.973481075697237
0.516171875,2.02651892430276
0.5162109375,6.02651892430276
0.51625,10.0265189243028
0.5162890625,12.0265189243028
0.516328125,14.0265189243028
0.5163671875,14.0265189243028
0.51640625,14.0265189243028
0.5164453125,13.0265189243028
0.516484375,13.0265189243028
0.5165234375,12.0265189243028
0.5165625,11.0265189243028
0.5166015625,10.0265189243028
0.516640625,9.02651892430276
0.5166796875,11.0265189243028
0.51671875,12.0265189243028
0.5167578125,13.0265189243028
0.516796875,14.0265189243028
0.5168359375,14.0265189243028
0.516875,14.0265189243028
0.5169140625,13.0265189243028
0.516953125,14.0265189243028
0.5169921875,13.0265189243028
0.51703125,11.0265189243028
0.5170703125,8.02651892430276
0.517109375,4.02651892430276
0.5171484375,-0.973481075697237
0.5171875,-4.97348107569724
0.5172265625,-8.97348107569724
0.517265625,-10.9734810756972
0.5173046875,-14.9734810756972
0.51734375,-18.9734810756972
0.5173828125,-20.9734810756972
0.517421875,-23.9734810756972
0.5174609375,-24.9734810756972
0.5175,-23.9734810756972
0.5175390625,-21.9734810756972
0.517578125,-17.9734810756972
0.5176171875,-13.9734810756972
0.51765625,-8.97348107569724
0.5176953125,-4.97348107569724
0.517734375,-2.97348107569724
0.5177734375,1.02651892430276
0.5178125,4.02651892430276
0.5178515625,6.02651892430276
0.517890625,8.02651892430276
0.5179296875,13.0265189243028
0.51796875,17.0265189243028
0.5180078125,19.0265189243028
0.518046875,19.0265189243028
0.5180859375,12.0265189243028
0.518125,5.02651892430276
0.5181640625,11.0265189243028
0.518203125,17.0265189243028
0.5182421875,19.0265189243028
0.51828125,18.0265189243028
0.5183203125,16.0265189243028
0.518359375,14.0265189243028
0.5183984375,14.0265189243028
0.5184375,12.0265189243028
0.5184765625,7.02651892430276
0.518515625,3.02651892430276
0.5185546875,1.02651892430276
0.51859375,0.0265189243027635
0.5186328125,-4.97348107569724
0.518671875,-7.97348107569724
0.5187109375,-10.9734810756972
0.51875,-14.9734810756972
0.5187890625,-18.9734810756972
0.518828125,-21.9734810756972
0.5188671875,-20.9734810756972
0.51890625,-21.9734810756972
0.5189453125,-22.9734810756972
0.518984375,-23.9734810756972
0.5190234375,-22.9734810756972
0.5190625,-23.9734810756972
0.5191015625,-23.9734810756972
0.519140625,-21.9734810756972
0.5191796875,-18.9734810756972
0.51921875,-15.9734810756972
0.5192578125,-12.9734810756972
0.519296875,-7.97348107569724
0.5193359375,-3.97348107569724
0.519375,0.0265189243027635
0.5194140625,5.02651892430276
0.519453125,11.0265189243028
0.5194921875,15.0265189243028
0.51953125,21.0265189243028
0.5195703125,26.0265189243028
0.519609375,27.0265189243028
0.5196484375,30.0265189243028
0.5196875,33.0265189243028
0.5197265625,32.0265189243028
0.519765625,30.0265189243028
0.5198046875,28.0265189243028
0.51984375,23.0265189243028
0.5198828125,18.0265189243028
0.519921875,14.0265189243028
0.5199609375,9.02651892430276
0.52,5.02651892430276
0.5200390625,0.0265189243027635
0.520078125,-3.97348107569724
0.5201171875,-8.97348107569724
0.52015625,-12.9734810756972
0.5201953125,-13.9734810756972
0.520234375,-12.9734810756972
0.5202734375,-11.9734810756972
0.5203125,-12.9734810756972
0.5203515625,-14.9734810756972
0.520390625,-15.9734810756972
0.5204296875,-16.9734810756972
0.52046875,-17.9734810756972
0.5205078125,-16.9734810756972
0.520546875,-14.9734810756972
0.5205859375,-11.9734810756972
0.520625,-8.97348107569724
0.5206640625,-7.97348107569724
0.520703125,-7.97348107569724
0.5207421875,-5.97348107569724
0.52078125,-6.97348107569724
0.5208203125,-5.97348107569724
0.520859375,-2.97348107569724
0.5208984375,0.0265189243027635
0.5209375,3.02651892430276
0.5209765625,5.02651892430276
0.521015625,8.02651892430276
0.5210546875,10.0265189243028
0.52109375,12.0265189243028
0.5211328125,13.0265189243028
0.521171875,15.0265189243028
0.5212109375,15.0265189243028
0.52125,16.0265189243028
0.5212890625,16.0265189243028
0.521328125,14.0265189243028
0.5213671875,12.0265189243028
0.52140625,9.02651892430276
0.5214453125,8.02651892430276
0.521484375,7.02651892430276
0.5215234375,7.02651892430276
0.5215625,6.02651892430276
0.5216015625,2.02651892430276
0.521640625,-2.97348107569724
0.5216796875,-6.97348107569724
0.52171875,-9.97348107569724
0.5217578125,-13.9734810756972
0.521796875,-14.9734810756972
0.5218359375,-13.9734810756972
0.521875,-13.9734810756972
0.5219140625,-13.9734810756972
0.521953125,-12.9734810756972
0.5219921875,-12.9734810756972
0.52203125,-11.9734810756972
0.5220703125,-10.9734810756972
0.522109375,-9.97348107569724
0.5221484375,-6.97348107569724
0.5221875,-2.97348107569724
0.5222265625,1.02651892430276
0.522265625,4.02651892430276
0.5223046875,5.02651892430276
0.52234375,4.02651892430276
0.5223828125,6.02651892430276
0.522421875,7.02651892430276
0.5224609375,9.02651892430276
0.5225,12.0265189243028
0.5225390625,14.0265189243028
0.522578125,14.0265189243028
0.5226171875,15.0265189243028
0.52265625,14.0265189243028
0.5226953125,12.0265189243028
0.522734375,11.0265189243028
0.5227734375,10.0265189243028
0.5228125,11.0265189243028
0.5228515625,14.0265189243028
0.522890625,13.0265189243028
0.5229296875,11.0265189243028
0.52296875,8.02651892430276
0.5230078125,4.02651892430276
0.523046875,2.02651892430276
0.5230859375,-2.97348107569724
0.523125,-4.97348107569724
0.5231640625,-7.97348107569724
0.523203125,-8.97348107569724
0.5232421875,-11.9734810756972
0.52328125,-13.9734810756972
0.5233203125,-16.9734810756972
0.523359375,-19.9734810756972
0.5233984375,-22.9734810756972
0.5234375,-24.9734810756972
0.5234765625,-26.9734810756972
0.523515625,-24.9734810756972
0.5235546875,-22.9734810756972
0.52359375,-19.9734810756972
0.5236328125,-16.9734810756972
0.523671875,-11.9734810756972
0.5237109375,-8.97348107569724
0.52375,-2.97348107569724
0.5237890625,2.02651892430276
0.523828125,7.02651892430276
0.5238671875,11.0265189243028
0.52390625,13.0265189243028
0.5239453125,14.0265189243028
0.523984375,14.0265189243028
0.5240234375,14.0265189243028
0.5240625,14.0265189243028
0.5241015625,15.0265189243028
0.524140625,17.0265189243028
0.5241796875,19.0265189243028
0.52421875,20.0265189243028
0.5242578125,19.0265189243028
0.524296875,17.0265189243028
0.5243359375,15.0265189243028
0.524375,13.0265189243028
0.5244140625,10.0265189243028
0.524453125,9.02651892430276
0.5244921875,5.02651892430276
0.52453125,3.02651892430276
0.5245703125,-0.973481075697237
0.524609375,-4.97348107569724
0.5246484375,-8.97348107569724
0.5246875,-11.9734810756972
0.5247265625,-13.9734810756972
0.524765625,-14.9734810756972
0.5248046875,-15.9734810756972
0.52484375,-15.9734810756972
0.5248828125,-15.9734810756972
0.524921875,-16.9734810756972
0.5249609375,-17.9734810756972
0.525,-19.9734810756972
0.5250390625,-18.9734810756972
0.525078125,-16.9734810756972
0.5251171875,-13.9734810756972
0.52515625,-10.9734810756972
0.5251953125,-6.97348107569724
0.525234375,-3.97348107569724
0.5252734375,-1.97348107569724
0.5253125,2.02651892430276
0.5253515625,5.02651892430276
0.525390625,12.0265189243028
0.5254296875,19.0265189243028
0.52546875,23.0265189243028
0.5255078125,24.0265189243028
0.525546875,26.0265189243028
0.5255859375,24.0265189243028
0.525625,22.0265189243028
0.5256640625,20.0265189243028
0.525703125,19.0265189243028
0.5257421875,18.0265189243028
0.52578125,17.0265189243028
0.5258203125,16.0265189243028
0.525859375,14.0265189243028
0.5258984375,9.02651892430276
0.5259375,4.02651892430276
0.5259765625,-0.973481075697237
0.526015625,-3.97348107569724
0.5260546875,-7.97348107569724
0.52609375,-9.97348107569724
0.5261328125,-11.9734810756972
0.526171875,-13.9734810756972
0.5262109375,-16.9734810756972
0.52625,-19.9734810756972
0.5262890625,-21.9734810756972
0.526328125,-21.9734810756972
0.5263671875,-18.9734810756972
0.52640625,-16.9734810756972
0.5264453125,-15.9734810756972
0.526484375,-12.9734810756972
0.5265234375,-10.9734810756972
0.5265625,-10.9734810756972
0.5266015625,-9.97348107569724
0.526640625,-8.97348107569724
0.5266796875,-8.97348107569724
0.52671875,-7.97348107569724
0.5267578125,-4.97348107569724
0.526796875,-1.97348107569724
0.5268359375,0.0265189243027635
0.526875,3.02651892430276
0.5269140625,5.02651892430276
0.526953125,7.02651892430276
0.5269921875,11.0265189243028
0.52703125,15.0265189243028
0.5270703125,17.0265189243028
0.527109375,19.0265189243028
0.5271484375,17.0265189243028
0.5271875,16.0265189243028
0.5272265625,12.0265189243028
0.527265625,8.02651892430276
0.5273046875,5.02651892430276
0.52734375,3.02651892430276
0.5273828125,1.02651892430276
0.527421875,2.02651892430276
0.5274609375,2.02651892430276
0.5275,1.02651892430276
0.5275390625,0.0265189243027635
0.527578125,-0.973481075697237
0.5276171875,-3.97348107569724
0.52765625,-4.97348107569724
0.5276953125,-5.97348107569724
0.527734375,-5.97348107569724
0.5277734375,-5.97348107569724
0.5278125,-6.97348107569724
0.5278515625,-6.97348107569724
0.527890625,-7.97348107569724
0.5279296875,-7.97348107569724
0.52796875,-6.97348107569724
0.5280078125,-3.97348107569724
0.528046875,-0.973481075697237
0.5280859375,2.02651892430276
0.528125,5.02651892430276
0.5281640625,6.02651892430276
0.528203125,7.02651892430276
0.5282421875,7.02651892430276
0.52828125,7.02651892430276
0.5283203125,7.02651892430276
0.528359375,7.02651892430276
0.5283984375,7.02651892430276
0.5284375,6.02651892430276
0.5284765625,5.02651892430276
0.528515625,3.02651892430276
0.5285546875,2.02651892430276
0.52859375,1.02651892430276
0.5286328125,1.02651892430276
0.528671875,1.02651892430276
0.5287109375,0.0265189243027635
0.52875,-0.973481075697237
0.5287890625,-1.97348107569724
0.528828125,-4.97348107569724
0.5288671875,-6.97348107569724
0.52890625,-9.97348107569724
0.5289453125,-10.9734810756972
0.528984375,-7.97348107569724
0.5290234375,-4.97348107569724
0.5290625,-1.97348107569724
0.5291015625,3.02651892430276
0.529140625,4.02651892430276
0.5291796875,4.02651892430276
0.52921875,3.02651892430276
0.5292578125,1.02651892430276
0.529296875,1.02651892430276
0.5293359375,0.0265189243027635
0.529375,0.0265189243027635
0.5294140625,0.0265189243027635
0.529453125,-0.973481075697237
0.5294921875,0.0265189243027635
0.52953125,1.02651892430276
0.5295703125,2.02651892430276
0.529609375,5.02651892430276
0.5296484375,8.02651892430276
0.5296875,10.0265189243028
0.5297265625,10.0265189243028
0.529765625,9.02651892430276
0.5298046875,6.02651892430276
0.52984375,2.02651892430276
0.5298828125,-0.973481075697237
0.529921875,-3.97348107569724
0.5299609375,-6.97348107569724
0.53,-7.97348107569724
0.5300390625,-9.97348107569724
0.530078125,-12.9734810756972
0.5301171875,-13.9734810756972
0.53015625,-14.9734810756972
0.5301953125,-14.9734810756972
0.530234375,-14.9734810756972
0.5302734375,-13.9734810756972
0.5303125,-12.9734810756972
0.5303515625,-10.9734810756972
0.530390625,-8.97348107569724
0.5304296875,-8.97348107569724
0.53046875,-6.97348107569724
0.5305078125,-6.97348107569724
0.530546875,-4.97348107569724
0.5305859375,-1.97348107569724
0.530625,1.02651892430276
0.5306640625,6.02651892430276
0.530703125,11.0265189243028
0.5307421875,14.0265189243028
0.53078125,17.0265189243028
0.5308203125,19.0265189243028
0.530859375,20.0265189243028
0.5308984375,20.0265189243028
0.5309375,21.0265189243028
0.5309765625,20.0265189243028
0.531015625,19.0265189243028
0.5310546875,17.0265189243028
0.53109375,15.0265189243028
0.5311328125,11.0265189243028
0.531171875,10.0265189243028
0.5312109375,7.02651892430276
0.53125,5.02651892430276
0.5312890625,3.02651892430276
0.531328125,1.02651892430276
0.5313671875,-0.973481075697237
0.53140625,-3.97348107569724
0.5314453125,-4.97348107569724
0.531484375,-7.97348107569724
0.5315234375,-8.97348107569724
0.5315625,-9.97348107569724
0.5316015625,-10.9734810756972
0.531640625,-9.97348107569724
0.5316796875,-9.97348107569724
0.53171875,-10.9734810756972
0.5317578125,-12.9734810756972
0.531796875,-13.9734810756972
0.5318359375,-14.9734810756972
0.531875,-15.9734810756972
0.5319140625,-15.9734810756972
0.531953125,-16.9734810756972
0.5319921875,-13.9734810756972
0.53203125,-12.9734810756972
0.5320703125,-9.97348107569724
0.532109375,-5.97348107569724
0.5321484375,-1.97348107569724
0.5321875,1.02651892430276
0.5322265625,6.02651892430276
0.532265625,10.0265189243028
0.5323046875,14.0265189243028
0.53234375,15.0265189243028
0.5323828125,17.0265189243028
0.532421875,16.0265189243028
0.5324609375,15.0265189243028
0.5325,13.0265189243028
0.5325390625,11.0265189243028
0.532578125,9.02651892430276
0.5326171875,8.02651892430276
0.53265625,9.02651892430276
0.5326953125,9.02651892430276
0.532734375,9.02651892430276
0.5327734375,8.02651892430276
0.5328125,6.02651892430276
0.5328515625,2.02651892430276
0.532890625,-4.97348107569724
0.5329296875,-7.97348107569724
0.53296875,-8.97348107569724
0.5330078125,-6.97348107569724
0.533046875,-4.97348107569724
0.5330859375,-3.97348107569724
0.533125,-7.97348107569724
0.5331640625,-11.9734810756972
0.533203125,-14.9734810756972
0.5332421875,-14.9734810756972
0.53328125,-14.9734810756972
0.5333203125,-15.9734810756972
0.533359375,-16.9734810756972
0.5333984375,-15.9734810756972
0.5334375,-15.9734810756972
0.5334765625,-15.9734810756972
0.533515625,-13.9734810756972
0.5335546875,-9.97348107569724
0.53359375,-5.97348107569724
0.5336328125,1.02651892430276
0.533671875,6.02651892430276
0.5337109375,11.0265189243028
0.53375,14.0265189243028
0.5337890625,16.0265189243028
0.533828125,18.0265189243028
0.5338671875,18.0265189243028
0.53390625,19.0265189243028
0.5339453125,18.0265189243028
0.533984375,18.0265189243028
0.5340234375,16.0265189243028
0.5340625,13.0265189243028
0.5341015625,10.0265189243028
0.534140625,7.02651892430276
0.5341796875,5.02651892430276
0.53421875,5.02651892430276
0.5342578125,5.02651892430276
0.534296875,7.02651892430276
0.5343359375,8.02651892430276
0.534375,7.02651892430276
0.5344140625,5.02651892430276
0.534453125,5.02651892430276
0.5344921875,4.02651892430276
0.53453125,5.02651892430276
0.5345703125,8.02651892430276
0.534609375,8.02651892430276
0.5346484375,6.02651892430276
0.5346875,5.02651892430276
0.5347265625,4.02651892430276
0.534765625,2.02651892430276
0.5348046875,0.0265189243027635
0.53484375,-1.97348107569724
0.5348828125,-2.97348107569724
0.534921875,-4.97348107569724
0.5349609375,-6.97348107569724
0.535,-7.97348107569724
0.5350390625,-8.97348107569724
0.535078125,-10.9734810756972
0.5351171875,-11.9734810756972
0.53515625,-12.9734810756972
0.5351953125,-14.9734810756972
0.535234375,-16.9734810756972
0.5352734375,-18.9734810756972
0.5353125,-20.9734810756972
0.5353515625,-25.9734810756972
0.535390625,-28.9734810756972
0.5354296875,-31.9734810756972
0.53546875,-33.9734810756972
0.5355078125,-32.9734810756972
0.535546875,-29.9734810756972
0.5355859375,-24.9734810756972
0.535625,-18.9734810756972
0.5356640625,-12.9734810756972
0.535703125,-8.97348107569724
0.5357421875,-3.97348107569724
0.53578125,2.02651892430276
0.5358203125,8.02651892430276
0.535859375,14.0265189243028
0.5358984375,18.0265189243028
0.5359375,21.0265189243028
0.5359765625,23.0265189243028
0.536015625,23.0265189243028
0.5360546875,22.0265189243028
0.53609375,21.0265189243028
0.5361328125,21.0265189243028
0.536171875,20.0265189243028
0.5362109375,20.0265189243028
0.53625,18.0265189243028
0.5362890625,16.0265189243028
0.536328125,15.0265189243028
0.5363671875,12.0265189243028
0.53640625,9.02651892430276
0.5364453125,8.02651892430276
0.536484375,6.02651892430276
0.5365234375,5.02651892430276
0.5365625,5.02651892430276
0.5366015625,5.02651892430276
0.536640625,5.02651892430276
0.5366796875,2.02651892430276
0.53671875,0.0265189243027635
0.5367578125,-3.97348107569724
0.536796875,-8.97348107569724
0.5368359375,-10.9734810756972
0.536875,-5.97348107569724
0.5369140625,-1.97348107569724
0.536953125,0.0265189243027635
0.5369921875,-2.97348107569724
0.53703125,-9.97348107569724
0.5370703125,-13.9734810756972
0.537109375,-8.97348107569724
0.5371484375,0.0265189243027635
0.5371875,7.02651892430276
0.5372265625,13.0265189243028
0.537265625,17.0265189243028
0.5373046875,20.0265189243028
0.53734375,25.0265189243028
0.5373828125,29.0265189243028
0.537421875,29.0265189243028
0.5374609375,27.0265189243028
0.5375,27.0265189243028
0.5375390625,28.0265189243028
0.537578125,26.0265189243028
0.5376171875,22.0265189243028
0.53765625,16.0265189243028
0.5376953125,9.02651892430276
0.537734375,3.02651892430276
0.5377734375,0.0265189243027635
0.5378125,-3.97348107569724
0.5378515625,-9.97348107569724
0.537890625,-18.9734810756972
0.5379296875,-28.9734810756972
0.53796875,-36.9734810756972
0.5380078125,-41.9734810756972
0.538046875,-47.9734810756972
0.5380859375,-53.9734810756972
0.538125,-58.9734810756972
0.5381640625,-58.9734810756972
0.538203125,-57.9734810756972
0.5382421875,-54.9734810756972
0.53828125,-52.9734810756972
0.5383203125,-47.9734810756972
0.538359375,-40.9734810756972
0.5383984375,-33.9734810756972
0.5384375,-22.9734810756972
0.5384765625,-13.9734810756972
0.538515625,-7.97348107569724
0.5385546875,-0.973481075697237
0.53859375,4.02651892430276
0.5386328125,8.02651892430276
0.538671875,14.0265189243028
0.5387109375,18.0265189243028
0.53875,22.0265189243028
0.5387890625,30.0265189243028
0.538828125,36.0265189243028
0.5388671875,43.0265189243028
0.53890625,49.0265189243028
0.5389453125,53.0265189243028
0.538984375,55.0265189243028
0.5390234375,58.0265189243028
0.5390625,59.0265189243028
0.5391015625,58.0265189243028
0.539140625,55.0265189243028
0.5391796875,51.0265189243028
0.53921875,45.0265189243028
0.5392578125,35.0265189243028
0.539296875,23.0265189243028
0.5393359375,10.0265189243028
0.539375,-1.97348107569724
0.5394140625,-12.9734810756972
0.539453125,-22.9734810756972
0.5394921875,-30.9734810756972
0.53953125,-37.9734810756972
0.5395703125,-45.9734810756972
0.539609375,-51.9734810756972
0.5396484375,-54.9734810756972
0.5396875,-55.9734810756972
0.5397265625,-51.9734810756972
0.539765625,-46.9734810756972
0.5398046875,-39.9734810756972
0.53984375,-34.9734810756972
0.5398828125,-26.9734810756972
0.539921875,-17.9734810756972
0.5399609375,-8.97348107569724
0.54,-1.97348107569724
0.5400390625,7.02651892430276
0.540078125,16.0265189243028
0.5401171875,23.0265189243028
0.54015625,29.0265189243028
0.5401953125,35.0265189243028
0.540234375,39.0265189243028
0.5402734375,41.0265189243028
0.5403125,43.0265189243028
0.5403515625,45.0265189243028
0.540390625,47.0265189243028
0.5404296875,47.0265189243028
0.54046875,45.0265189243028
0.5405078125,41.0265189243028
0.540546875,34.0265189243028
0.5405859375,24.0265189243028
0.540625,10.0265189243028
0.5406640625,-0.973481075697237
0.540703125,-12.9734810756972
0.5407421875,-23.9734810756972
0.54078125,-33.9734810756972
0.5408203125,-41.9734810756972
0.540859375,-49.9734810756972
0.5408984375,-52.9734810756972
0.5409375,-54.9734810756972
0.5409765625,-53.9734810756972
0.541015625,-51.9734810756972
0.5410546875,-47.9734810756972
0.54109375,-44.9734810756972
0.5411328125,-39.9734810756972
0.541171875,-33.9734810756972
0.5412109375,-27.9734810756972
0.54125,-20.9734810756972
0.5412890625,-13.9734810756972
0.541328125,-5.97348107569724
0.5413671875,3.02651892430276
0.54140625,12.0265189243028
0.5414453125,21.0265189243028
0.541484375,29.0265189243028
0.5415234375,35.0265189243028
0.5415625,41.0265189243028
0.5416015625,43.0265189243028
0.541640625,45.0265189243028
0.5416796875,46.0265189243028
0.54171875,47.0265189243028
0.5417578125,45.0265189243028
0.541796875,41.0265189243028
0.5418359375,37.0265189243028
0.541875,31.0265189243028
0.5419140625,25.0265189243028
0.541953125,20.0265189243028
0.5419921875,14.0265189243028
0.54203125,9.02651892430276
0.5420703125,4.02651892430276
0.542109375,-0.973481075697237
0.5421484375,-6.97348107569724
0.5421875,-13.9734810756972
0.5422265625,-19.9734810756972
0.542265625,-25.9734810756972
0.5423046875,-31.9734810756972
0.54234375,-35.9734810756972
0.5423828125,-38.9734810756972
0.542421875,-39.9734810756972
0.5424609375,-40.9734810756972
0.5425,-40.9734810756972
0.5425390625,-39.9734810756972
0.542578125,-35.9734810756972
0.5426171875,-30.9734810756972
0.54265625,-22.9734810756972
0.5426953125,-14.9734810756972
0.542734375,-6.97348107569724
0.5427734375,-0.973481075697237
0.5428125,4.02651892430276
0.5428515625,7.02651892430276
0.542890625,12.0265189243028
0.5429296875,17.0265189243028
0.54296875,22.0265189243028
0.5430078125,27.0265189243028
0.543046875,31.0265189243028
0.5430859375,34.0265189243028
0.543125,35.0265189243028
0.5431640625,34.0265189243028
0.543203125,31.0265189243028
0.5432421875,30.0265189243028
0.54328125,27.0265189243028
0.5433203125,22.0265189243028
0.543359375,17.0265189243028
0.5433984375,13.0265189243028
0.5434375,8.02651892430276
0.5434765625,2.02651892430276
0.543515625,-3.97348107569724
0.5435546875,-8.97348107569724
0.54359375,-13.9734810756972
0.5436328125,-18.9734810756972
0.543671875,-22.9734810756972
0.5437109375,-25.9734810756972
0.54375,-29.9734810756972
0.5437890625,-32.9734810756972
0.543828125,-34.9734810756972
0.5438671875,-35.9734810756972
0.54390625,-35.9734810756972
0.5439453125,-31.9734810756972
0.543984375,-28.9734810756972
0.5440234375,-24.9734810756972
0.5440625,-20.9734810756972
0.5441015625,-16.9734810756972
0.544140625,-12.9734810756972
0.5441796875,-7.97348107569724
0.54421875,-1.97348107569724
0.5442578125,6.02651892430276
0.544296875,13.0265189243028
0.5443359375,20.0265189243028
0.544375,26.0265189243028
0.5444140625,31.0265189243028
0.544453125,33.0265189243028
0.5444921875,34.0265189243028
0.54453125,33.0265189243028
0.5445703125,31.0265189243028
0.544609375,28.0265189243028
0.5446484375,26.0265189243028
0.5446875,23.0265189243028
0.5447265625,20.0265189243028
0.544765625,16.0265189243028
0.5448046875,11.0265189243028
0.54484375,7.02651892430276
0.5448828125,4.02651892430276
0.544921875,0.0265189243027635
0.5449609375,-1.97348107569724
0.545,-1.97348107569724
0.5450390625,-4.97348107569724
0.545078125,-7.97348107569724
0.5451171875,-10.9734810756972
0.54515625,-13.9734810756972
0.5451953125,-15.9734810756972
0.545234375,-16.9734810756972
0.5452734375,-15.9734810756972
0.5453125,-16.9734810756972
0.5453515625,-15.9734810756972
0.545390625,-13.9734810756972
0.5454296875,-11.9734810756972
0.54546875,-10.9734810756972
0.5455078125,-7.97348107569724
0.545546875,-2.97348107569724
0.5455859375,2.02651892430276
0.545625,7.02651892430276
0.5456640625,11.0265189243028
0.545703125,15.0265189243028
0.5457421875,17.0265189243028
0.54578125,16.0265189243028
0.5458203125,16.0265189243028
0.545859375,15.0265189243028
0.5458984375,12.0265189243028
0.5459375,9.02651892430276
0.5459765625,8.02651892430276
0.546015625,4.02651892430276
0.5460546875,2.02651892430276
0.54609375,-1.97348107569724
0.5461328125,-4.97348107569724
0.546171875,-7.97348107569724
0.5462109375,-7.97348107569724
0.54625,-6.97348107569724
0.5462890625,-4.97348107569724
0.546328125,-2.97348107569724
0.5463671875,-1.97348107569724
0.54640625,0.0265189243027635
0.5464453125,-0.973481075697237
0.546484375,-0.973481075697237
0.5465234375,-0.973481075697237
0.5465625,-2.97348107569724
0.5466015625,-5.97348107569724
0.546640625,-8.97348107569724
0.5466796875,-10.9734810756972
0.54671875,-13.9734810756972
0.5467578125,-14.9734810756972
0.546796875,-15.9734810756972
0.5468359375,-14.9734810756972
0.546875,-12.9734810756972
0.5469140625,-9.97348107569724
0.546953125,-6.97348107569724
0.5469921875,-3.97348107569724
0.54703125,-0.973481075697237
0.5470703125,-0.973481075697237
0.547109375,-0.973481075697237
0.5471484375,-1.97348107569724
0.5471875,-2.97348107569724
0.5472265625,-1.97348107569724
0.547265625,-1.97348107569724
0.5473046875,-1.97348107569724
0.54734375,-0.973481075697237
0.5473828125,0.0265189243027635
0.547421875,-0.973481075697237
0.5474609375,1.02651892430276
0.5475,2.02651892430276
0.5475390625,5.02651892430276
0.547578125,8.02651892430276
0.5476171875,11.0265189243028
0.54765625,14.0265189243028
0.5476953125,14.0265189243028
0.547734375,14.0265189243028
0.5477734375,11.0265189243028
0.5478125,8.02651892430276
0.5478515625,7.02651892430276
0.547890625,5.02651892430276
0.5479296875,5.02651892430276
0.54796875,4.02651892430276
0.5480078125,2.02651892430276
0.548046875,2.02651892430276
0.5480859375,1.02651892430276
0.548125,1.02651892430276
0.5481640625,1.02651892430276
0.548203125,2.02651892430276
0.5482421875,2.02651892430276
0.54828125,1.02651892430276
0.5483203125,1.02651892430276
0.548359375,-0.973481075697237
0.5483984375,-2.97348107569724
0.5484375,-3.97348107569724
0.5484765625,-3.97348107569724
0.548515625,-0.973481075697237
0.5485546875,1.02651892430276
0.54859375,4.02651892430276
0.5486328125,5.02651892430276
0.548671875,5.02651892430276
0.5487109375,4.02651892430276
0.54875,0.0265189243027635
0.5487890625,-2.97348107569724
0.548828125,-3.97348107569724
0.5488671875,-3.97348107569724
0.54890625,-3.97348107569724
0.5489453125,-2.97348107569724
0.548984375,-1.97348107569724
0.5490234375,-0.973481075697237
0.5490625,-0.973481075697237
0.5491015625,1.02651892430276
0.549140625,2.02651892430276
0.5491796875,5.02651892430276
0.54921875,7.02651892430276
0.5492578125,8.02651892430276
0.549296875,4.02651892430276
0.5493359375,2.02651892430276
0.549375,-1.97348107569724
0.5494140625,-4.97348107569724
0.549453125,-5.97348107569724
0.5494921875,-6.97348107569724
0.54953125,-6.97348107569724
0.5495703125,-8.97348107569724
0.549609375,-8.97348107569724
0.5496484375,-8.97348107569724
0.5496875,-8.97348107569724
0.5497265625,-8.97348107569724
0.549765625,-6.97348107569724
0.5498046875,-4.97348107569724
0.54984375,-3.97348107569724
0.5498828125,-1.97348107569724
0.549921875,1.02651892430276
0.5499609375,3.02651892430276
0.55,4.02651892430276
0.5500390625,5.02651892430276
0.550078125,4.02651892430276
0.5501171875,2.02651892430276
0.55015625,3.02651892430276
0.5501953125,3.02651892430276
0.550234375,4.02651892430276
0.5502734375,4.02651892430276
0.5503125,2.02651892430276
0.5503515625,-0.973481075697237
0.550390625,-1.97348107569724
0.5504296875,-0.973481075697237
0.55046875,1.02651892430276
0.5505078125,3.02651892430276
0.550546875,7.02651892430276
0.5505859375,9.02651892430276
0.550625,12.0265189243028
0.5506640625,13.0265189243028
0.550703125,13.0265189243028
0.5507421875,11.0265189243028
0.55078125,10.0265189243028
0.5508203125,8.02651892430276
0.550859375,5.02651892430276
0.5508984375,0.0265189243027635
0.5509375,-4.97348107569724
0.5509765625,-7.97348107569724
0.551015625,-10.9734810756972
0.5510546875,-12.9734810756972
0.55109375,-13.9734810756972
0.5511328125,-12.9734810756972
0.551171875,-12.9734810756972
0.5512109375,-10.9734810756972
0.55125,-8.97348107569724
0.5512890625,-7.97348107569724
0.551328125,-7.97348107569724
0.5513671875,-8.97348107569724
0.55140625,-10.9734810756972
0.5514453125,-8.97348107569724
0.551484375,-5.97348107569724
0.5515234375,-2.97348107569724
0.5515625,0.0265189243027635
0.5516015625,3.02651892430276
0.551640625,6.02651892430276
0.5516796875,7.02651892430276
0.55171875,9.02651892430276
0.5517578125,11.0265189243028
0.551796875,14.0265189243028
0.5518359375,17.0265189243028
0.551875,18.0265189243028
0.5519140625,18.0265189243028
0.551953125,16.0265189243028
0.5519921875,11.0265189243028
0.55203125,8.02651892430276
0.5520703125,6.02651892430276
0.552109375,4.02651892430276
0.5521484375,1.02651892430276
0.5521875,-2.97348107569724
0.5522265625,-4.97348107569724
0.552265625,-5.97348107569724
0.5523046875,-6.97348107569724
0.55234375,-8.97348107569724
0.5523828125,-7.97348107569724
0.552421875,-9.97348107569724
0.5524609375,-13.9734810756972
0.5525,-16.9734810756972
0.5525390625,-16.9734810756972
0.552578125,-13.9734810756972
0.5526171875,-7.97348107569724
0.55265625,-4.97348107569724
0.5526953125,-3.97348107569724
0.552734375,-1.97348107569724
0.5527734375,0.0265189243027635
0.5528125,3.02651892430276
0.5528515625,4.02651892430276
0.552890625,3.02651892430276
0.5529296875,0.0265189243027635
0.55296875,-1.97348107569724
0.5530078125,-3.97348107569724
0.553046875,-4.97348107569724
0.5530859375,-1.97348107569724
0.553125,2.02651892430276
0.5531640625,6.02651892430276
0.553203125,8.02651892430276
0.5532421875,8.02651892430276
0.55328125,5.02651892430276
0.5533203125,4.02651892430276
0.553359375,2.02651892430276
0.5533984375,2.02651892430276
0.5534375,3.02651892430276
0.5534765625,5.02651892430276
0.553515625,8.02651892430276
0.5535546875,10.0265189243028
0.55359375,13.0265189243028
0.5536328125,13.0265189243028
0.553671875,13.0265189243028
0.5537109375,11.0265189243028
0.55375,7.02651892430276
0.5537890625,7.02651892430276
0.553828125,9.02651892430276
0.5538671875,12.0265189243028
0.55390625,15.0265189243028
0.5539453125,17.0265189243028
0.553984375,17.0265189243028
0.5540234375,17.0265189243028
0.5540625,16.0265189243028
0.5541015625,15.0265189243028
0.554140625,14.0265189243028
0.5541796875,10.0265189243028
0.55421875,5.02651892430276
0.5542578125,-0.973481075697237
0.554296875,-6.97348107569724
0.5543359375,-12.9734810756972
0.554375,-16.9734810756972
0.5544140625,-19.9734810756972
0.554453125,-22.9734810756972
0.5544921875,-25.9734810756972
0.55453125,-29.9734810756972
0.5545703125,-33.9734810756972
0.554609375,-38.9734810756972
0.5546484375,-40.9734810756972
0.5546875,-42.9734810756972
0.5547265625,-40.9734810756972
0.554765625,-37.9734810756972
0.5548046875,-33.9734810756972
0.55484375,-27.9734810756972
0.5548828125,-21.9734810756972
0.554921875,-15.9734810756972
0.5549609375,-9.97348107569724
0.555,-4.97348107569724
0.5550390625,1.02651892430276
0.555078125,8.02651892430276
0.5551171875,13.0265189243028
0.55515625,18.0265189243028
0.5551953125,21.0265189243028
0.555234375,22.0265189243028
0.5552734375,23.0265189243028
0.5553125,23.0265189243028
0.5553515625,24.0265189243028
0.555390625,25.0265189243028
0.5554296875,26.0265189243028
0.55546875,28.0265189243028
0.5555078125,28.0265189243028
0.555546875,27.0265189243028
0.5555859375,27.0265189243028
0.555625,25.0265189243028
0.5556640625,24.0265189243028
0.555703125,23.0265189243028
0.5557421875,19.0265189243028
0.55578125,14.0265189243028
0.5558203125,10.0265189243028
0.555859375,4.02651892430276
0.5558984375,0.0265189243027635
0.5559375,-5.97348107569724
0.5559765625,-10.9734810756972
0.556015625,-13.9734810756972
0.5560546875,-18.9734810756972
0.55609375,-21.9734810756972
0.5561328125,-24.9734810756972
0.556171875,-25.9734810756972
0.5562109375,-24.9734810756972
0.55625,-24.9734810756972
0.5562890625,-29.9734810756972
0.556328125,-33.9734810756972
0.5563671875,-34.9734810756972
0.55640625,-28.9734810756972
0.5564453125,-20.9734810756972
0.556484375,-11.9734810756972
0.5565234375,-8.97348107569724
0.5565625,-3.97348107569724
0.5566015625,8.02651892430276
0.556640625,20.0265189243028
0.5566796875,30.0265189243028
0.55671875,41.0265189243028
0.5567578125,49.0265189243028
0.556796875,54.0265189243028
0.5568359375,57.0265189243028
0.556875,54.0265189243028
0.5569140625,51.0265189243028
0.556953125,47.0265189243028
0.5569921875,42.0265189243028
0.55703125,36.0265189243028
0.5570703125,29.0265189243028
0.557109375,21.0265189243028
0.5571484375,12.0265189243028
0.5571875,2.02651892430276
0.5572265625,-9.97348107569724
0.557265625,-20.9734810756972
0.5573046875,-30.9734810756972
0.55734375,-42.9734810756972
0.5573828125,-50.9734810756972
0.557421875,-56.9734810756972
0.5574609375,-62.9734810756972
0.5575,-69.9734810756972
0.5575390625,-72.9734810756972
0.557578125,-74.9734810756972
0.5576171875,-73.9734810756972
0.55765625,-68.9734810756972
0.5576953125,-59.9734810756972
0.557734375,-48.9734810756972
0.5577734375,-37.9734810756972
0.5578125,-26.9734810756972
0.5578515625,-18.9734810756972
0.557890625,-6.97348107569724
0.5579296875,5.02651892430276
0.55796875,16.0265189243028
0.5580078125,29.0265189243028
0.558046875,40.0265189243028
0.5580859375,48.0265189243028
0.558125,56.0265189243028
0.5581640625,59.0265189243028
0.558203125,63.0265189243028
0.5582421875,67.0265189243028
0.55828125,70.0265189243028
0.5583203125,73.0265189243028
0.558359375,73.0265189243028
0.5583984375,69.0265189243028
0.5584375,64.0265189243028
0.5584765625,55.0265189243028
0.558515625,46.0265189243028
0.5585546875,35.0265189243028
0.55859375,26.0265189243028
0.5586328125,17.0265189243028
0.558671875,8.02651892430276
0.5587109375,0.0265189243027635
0.55875,-9.97348107569724
0.5587890625,-21.9734810756972
0.558828125,-33.9734810756972
0.5588671875,-44.9734810756972
0.55890625,-53.9734810756972
0.5589453125,-61.9734810756972
0.558984375,-66.9734810756972
0.5590234375,-67.9734810756972
0.5590625,-67.9734810756972
0.5591015625,-66.9734810756972
0.559140625,-62.9734810756972
0.5591796875,-58.9734810756972
0.55921875,-51.9734810756972
0.5592578125,-41.9734810756972
0.559296875,-30.9734810756972
0.5593359375,-19.9734810756972
0.559375,-10.9734810756972
0.5594140625,-2.97348107569724
0.559453125,3.02651892430276
0.5594921875,9.02651892430276
0.55953125,17.0265189243028
0.5595703125,25.0265189243028
0.559609375,34.0265189243028
0.5596484375,41.0265189243028
0.5596875,47.0265189243028
0.5597265625,51.0265189243028
0.559765625,53.0265189243028
0.5598046875,53.0265189243028
0.55984375,50.0265189243028
0.5598828125,48.0265189243028
0.559921875,45.0265189243028
0.5599609375,40.0265189243028
0.56,34.0265189243028
0.5600390625,24.0265189243028
0.560078125,12.0265189243028
0.5601171875,-0.973481075697237
0.56015625,-12.9734810756972
0.5601953125,-23.9734810756972
0.560234375,-31.9734810756972
0.5602734375,-38.9734810756972
0.5603125,-44.9734810756972
0.5603515625,-47.9734810756972
0.560390625,-50.9734810756972
0.5604296875,-52.9734810756972
0.56046875,-51.9734810756972
0.5605078125,-50.9734810756972
0.560546875,-44.9734810756972
0.5605859375,-37.9734810756972
0.560625,-29.9734810756972
0.5606640625,-19.9734810756972
0.560703125,-10.9734810756972
0.5607421875,-2.97348107569724
0.56078125,5.02651892430276
0.5608203125,14.0265189243028
0.560859375,22.0265189243028
0.5608984375,31.0265189243028
0.5609375,38.0265189243028
0.5609765625,45.0265189243028
0.561015625,48.0265189243028
0.5610546875,47.0265189243028
0.56109375,43.0265189243028
0.5611328125,39.0265189243028
0.561171875,37.0265189243028
0.5612109375,33.0265189243028
0.56125,31.0265189243028
0.5612890625,29.0265189243028
0.561328125,26.0265189243028
0.5613671875,22.0265189243028
0.56140625,17.0265189243028
0.5614453125,11.0265189243028
0.561484375,4.02651892430276
0.5615234375,-1.97348107569724
0.5615625,-5.97348107569724
0.5616015625,-9.97348107569724
0.561640625,-14.9734810756972
0.5616796875,-19.9734810756972
0.56171875,-23.9734810756972
0.5617578125,-27.9734810756972
0.561796875,-32.9734810756972
0.5618359375,-34.9734810756972
0.561875,-34.9734810756972
0.5619140625,-31.9734810756972
0.561953125,-27.9734810756972
0.5619921875,-24.9734810756972
0.56203125,-20.9734810756972
0.5620703125,-17.9734810756972
0.562109375,-13.9734810756972
0.5621484375,-8.97348107569724
0.5621875,-4.97348107569724
0.5622265625,0.0265189243027635
0.562265625,4.02651892430276
0.5623046875,8.02651892430276
0.56234375,10.0265189243028
0.5623828125,10.0265189243028
0.562421875,11.0265189243028
0.5624609375,12.0265189243028
0.5625,14.0265189243028
0.5625390625,16.0265189243028
0.562578125,18.0265189243028
0.5626171875,20.0265189243028
0.56265625,19.0265189243028
0.5626953125,19.0265189243028
0.562734375,17.0265189243028
0.5627734375,14.0265189243028
0.5628125,11.0265189243028
0.5628515625,7.02651892430276
0.562890625,2.02651892430276
0.5629296875,-0.973481075697237
0.56296875,-4.97348107569724
0.5630078125,-8.97348107569724
0.563046875,-11.9734810756972
0.5630859375,-14.9734810756972
0.563125,-17.9734810756972
0.5631640625,-18.9734810756972
0.563203125,-19.9734810756972
0.5632421875,-20.9734810756972
0.56328125,-19.9734810756972
0.5633203125,-19.9734810756972
0.563359375,-18.9734810756972
0.5633984375,-18.9734810756972
0.5634375,-16.9734810756972
0.5634765625,-14.9734810756972
0.563515625,-9.97348107569724
0.5635546875,-4.97348107569724
0.56359375,-1.97348107569724
0.5636328125,1.02651892430276
0.563671875,4.02651892430276
0.5637109375,5.02651892430276
0.56375,6.02651892430276
0.5637890625,9.02651892430276
0.563828125,13.0265189243028
0.5638671875,16.0265189243028
0.56390625,21.0265189243028
0.5639453125,24.0265189243028
0.563984375,27.0265189243028
0.5640234375,28.0265189243028
0.5640625,26.0265189243028
0.5641015625,24.0265189243028
0.564140625,23.0265189243028
0.5641796875,19.0265189243028
0.56421875,15.0265189243028
0.5642578125,11.0265189243028
0.564296875,6.02651892430276
0.5643359375,1.02651892430276
0.564375,-2.97348107569724
0.5644140625,-7.97348107569724
0.564453125,-9.97348107569724
0.5644921875,-9.97348107569724
0.56453125,-11.9734810756972
0.5645703125,-12.9734810756972
0.564609375,-12.9734810756972
0.5646484375,-14.9734810756972
0.5646875,-14.9734810756972
0.5647265625,-15.9734810756972
0.564765625,-17.9734810756972
0.5648046875,-15.9734810756972
0.56484375,-12.9734810756972
0.5648828125,-10.9734810756972
0.564921875,-7.97348107569724
0.5649609375,-5.97348107569724
0.565,-2.97348107569724
0.5650390625,-0.973481075697237
0.565078125,2.02651892430276
0.5651171875,5.02651892430276
0.56515625,9.02651892430276
0.5651953125,10.0265189243028
0.565234375,10.0265189243028
0.5652734375,10.0265189243028
0.5653125,8.02651892430276
0.5653515625,6.02651892430276
0.565390625,4.02651892430276
0.5654296875,2.02651892430276
0.56546875,2.02651892430276
0.5655078125,2.02651892430276
0.565546875,2.02651892430276
0.5655859375,2.02651892430276
0.565625,3.02651892430276
0.5656640625,3.02651892430276
0.565703125,2.02651892430276
0.5657421875,1.02651892430276
0.56578125,1.02651892430276
0.5658203125,-0.973481075697237
0.565859375,-0.973481075697237
0.5658984375,-3.97348107569724
0.5659375,-5.97348107569724
0.5659765625,-7.97348107569724
0.566015625,-9.97348107569724
0.5660546875,-11.9734810756972
0.56609375,-10.9734810756972
0.5661328125,-8.97348107569724
0.566171875,-5.97348107569724
0.5662109375,-4.97348107569724
0.56625,-2.97348107569724
0.5662890625,-1.97348107569724
0.566328125,-1.97348107569724
0.5663671875,-0.973481075697237
0.56640625,0.0265189243027635
0.5664453125,2.02651892430276
0.566484375,4.02651892430276
0.5665234375,6.02651892430276
0.5665625,7.02651892430276
0.5666015625,7.02651892430276
0.566640625,8.02651892430276
0.5666796875,6.02651892430276
0.56671875,5.02651892430276
0.5667578125,3.02651892430276
0.566796875,3.02651892430276
0.5668359375,3.02651892430276
0.566875,2.02651892430276
0.5669140625,0.0265189243027635
0.566953125,-1.97348107569724
0.5669921875,-4.97348107569724
0.56703125,-3.97348107569724
0.5670703125,-2.97348107569724
0.567109375,0.0265189243027635
0.5671484375,5.02651892430276
0.5671875,9.02651892430276
0.5672265625,10.0265189243028
0.567265625,12.0265189243028
0.5673046875,12.0265189243028
0.56734375,11.0265189243028
0.5673828125,10.0265189243028
0.567421875,8.02651892430276
0.5674609375,7.02651892430276
0.5675,5.02651892430276
0.5675390625,3.02651892430276
0.567578125,0.0265189243027635
0.5676171875,-1.97348107569724
0.56765625,-2.97348107569724
0.5676953125,-5.97348107569724
0.567734375,-4.97348107569724
0.5677734375,-5.97348107569724
0.5678125,-4.97348107569724
0.5678515625,-3.97348107569724
0.567890625,-3.97348107569724
0.5679296875,-3.97348107569724
0.56796875,-3.97348107569724
0.5680078125,-4.97348107569724
0.568046875,-3.97348107569724
0.5680859375,-1.97348107569724
0.568125,-1.97348107569724
0.5681640625,-0.973481075697237
0.568203125,-1.97348107569724
0.5682421875,-4.97348107569724
0.56828125,-6.97348107569724
0.5683203125,-7.97348107569724
0.568359375,-7.97348107569724
0.5683984375,-6.97348107569724
0.5684375,-5.97348107569724
0.5684765625,-4.97348107569724
0.568515625,-5.97348107569724
0.5685546875,-4.97348107569724
0.56859375,-4.97348107569724
0.5686328125,-3.97348107569724
0.568671875,-3.97348107569724
0.5687109375,-2.97348107569724
0.56875,-1.97348107569724
0.5687890625,0.0265189243027635
0.568828125,0.0265189243027635
0.5688671875,1.02651892430276
0.56890625,1.02651892430276
0.5689453125,-0.973481075697237
0.568984375,0.0265189243027635
0.5690234375,1.02651892430276
0.5690625,2.02651892430276
0.5691015625,4.02651892430276
0.569140625,7.02651892430276
0.5691796875,8.02651892430276
0.56921875,8.02651892430276
0.5692578125,8.02651892430276
0.569296875,9.02651892430276
0.5693359375,9.02651892430276
0.569375,10.0265189243028
0.5694140625,9.02651892430276
0.569453125,8.02651892430276
0.5694921875,6.02651892430276
0.56953125,3.02651892430276
0.5695703125,0.0265189243027635
0.569609375,-1.97348107569724
0.5696484375,-3.97348107569724
0.5696875,-4.97348107569724
0.5697265625,-5.97348107569724
0.569765625,-6.97348107569724
0.5698046875,-7.97348107569724
0.56984375,-7.97348107569724
0.5698828125,-7.97348107569724
0.569921875,-8.97348107569724
0.5699609375,-7.97348107569724
0.57,-5.97348107569724
0.5700390625,-1.97348107569724
0.570078125,2.02651892430276
0.5701171875,4.02651892430276
0.57015625,4.02651892430276
0.5701953125,4.02651892430276
0.570234375,3.02651892430276
0.5702734375,1.02651892430276
0.5703125,0.0265189243027635
0.5703515625,0.0265189243027635
0.570390625,1.02651892430276
0.5704296875,2.02651892430276
0.57046875,2.02651892430276
0.5705078125,1.02651892430276
0.570546875,2.02651892430276
0.5705859375,2.02651892430276
0.570625,3.02651892430276
0.5706640625,5.02651892430276
0.570703125,6.02651892430276
0.5707421875,8.02651892430276
0.57078125,9.02651892430276
0.5708203125,8.02651892430276
0.570859375,9.02651892430276
0.5708984375,8.02651892430276
0.5709375,7.02651892430276
0.5709765625,6.02651892430276
0.571015625,6.02651892430276
0.5710546875,4.02651892430276
0.57109375,2.02651892430276
0.5711328125,1.02651892430276
0.571171875,-0.973481075697237
0.5712109375,-3.97348107569724
0.57125,-4.97348107569724
0.5712890625,-4.97348107569724
0.571328125,-4.97348107569724
0.5713671875,-3.97348107569724
0.57140625,-1.97348107569724
0.5714453125,-0.973481075697237
0.571484375,-1.97348107569724
0.5715234375,-3.97348107569724
0.5715625,-3.97348107569724
0.5716015625,-4.97348107569724
0.571640625,-6.97348107569724
0.5716796875,-7.97348107569724
0.57171875,-9.97348107569724
0.5717578125,-12.9734810756972
0.571796875,-14.9734810756972
0.5718359375,-17.9734810756972
0.571875,-20.9734810756972
0.5719140625,-20.9734810756972
0.571953125,-20.9734810756972
0.5719921875,-17.9734810756972
0.57203125,-12.9734810756972
0.5720703125,-8.97348107569724
0.572109375,-7.97348107569724
0.5721484375,-10.9734810756972
0.5721875,-13.9734810756972
0.5722265625,-11.9734810756972
0.572265625,-1.97348107569724
0.5723046875,10.0265189243028
0.57234375,20.0265189243028
0.5723828125,25.0265189243028
0.572421875,27.0265189243028
0.5724609375,29.0265189243028
0.5725,30.0265189243028
0.5725390625,28.0265189243028
0.572578125,24.0265189243028
0.5726171875,18.0265189243028
0.57265625,15.0265189243028
0.5726953125,11.0265189243028
0.572734375,6.02651892430276
0.5727734375,2.02651892430276
0.5728125,0.0265189243027635
0.5728515625,-1.97348107569724
0.572890625,-0.973481075697237
0.5729296875,3.02651892430276
0.57296875,8.02651892430276
0.5730078125,11.0265189243028
0.573046875,11.0265189243028
0.5730859375,11.0265189243028
0.573125,8.02651892430276
0.5731640625,4.02651892430276
0.573203125,-0.973481075697237
0.5732421875,-3.97348107569724
0.57328125,-5.97348107569724
0.5733203125,-6.97348107569724
0.573359375,-5.97348107569724
0.5733984375,-6.97348107569724
0.5734375,-6.97348107569724
0.5734765625,-7.97348107569724
0.573515625,-6.97348107569724
0.5735546875,-4.97348107569724
0.57359375,-1.97348107569724
0.5736328125,0.0265189243027635
0.573671875,1.02651892430276
0.5737109375,2.02651892430276
0.57375,0.0265189243027635
0.5737890625,-1.97348107569724
0.573828125,-3.97348107569724
0.5738671875,-5.97348107569724
0.57390625,-7.97348107569724
0.5739453125,-10.9734810756972
0.573984375,-12.9734810756972
0.5740234375,-12.9734810756972
0.5740625,-12.9734810756972
0.5741015625,-12.9734810756972
0.574140625,-12.9734810756972
0.5741796875,-12.9734810756972
0.57421875,-9.97348107569724
0.5742578125,-8.97348107569724
0.574296875,-5.97348107569724
0.5743359375,-2.97348107569724
0.574375,-1.97348107569724
0.5744140625,-1.97348107569724
0.574453125,-0.973481075697237
0.5744921875,-1.97348107569724
0.57453125,-1.97348107569724
0.5745703125,-1.97348107569724
0.574609375,-2.97348107569724
0.5746484375,-1.97348107569724
0.5746875,-0.973481075697237
0.5747265625,-2.97348107569724
0.574765625,-1.97348107569724
0.5748046875,1.02651892430276
0.57484375,4.02651892430276
0.5748828125,8.02651892430276
0.574921875,12.0265189243028
0.5749609375,15.0265189243028
0.575,20.0265189243028
0.5750390625,21.0265189243028
0.575078125,21.0265189243028
0.5751171875,21.0265189243028
0.57515625,19.0265189243028
0.5751953125,16.0265189243028
0.575234375,15.0265189243028
0.5752734375,11.0265189243028
0.5753125,7.02651892430276
0.5753515625,3.02651892430276
0.575390625,-1.97348107569724
0.5754296875,-5.97348107569724
0.57546875,-8.97348107569724
0.5755078125,-12.9734810756972
0.575546875,-14.9734810756972
0.5755859375,-16.9734810756972
0.575625,-15.9734810756972
0.5756640625,-15.9734810756972
0.575703125,-14.9734810756972
0.5757421875,-12.9734810756972
0.57578125,-12.9734810756972
0.5758203125,-10.9734810756972
0.575859375,-8.97348107569724
0.5758984375,-5.97348107569724
0.5759375,-1.97348107569724
0.5759765625,-1.97348107569724
0.576015625,-3.97348107569724
0.5760546875,-4.97348107569724
0.57609375,-7.97348107569724
0.5761328125,-13.9734810756972
0.576171875,-15.9734810756972
0.5762109375,-6.97348107569724
0.57625,6.02651892430276
0.5762890625,17.0265189243028
0.576328125,26.0265189243028
0.5763671875,35.0265189243028
0.57640625,41.0265189243028
0.5764453125,45.0265189243028
0.576484375,47.0265189243028
0.5765234375,45.0265189243028
0.5765625,37.0265189243028
0.5766015625,28.0265189243028
0.576640625,25.0265189243028
0.5766796875,20.0265189243028
0.57671875,10.0265189243028
0.5767578125,5.02651892430276
0.576796875,-0.973481075697237
0.5768359375,-4.97348107569724
0.576875,-9.97348107569724
0.5769140625,-12.9734810756972
0.576953125,-18.9734810756972
0.5769921875,-27.9734810756972
0.57703125,-33.9734810756972
0.5770703125,-38.9734810756972
0.577109375,-41.9734810756972
0.5771484375,-45.9734810756972
0.5771875,-45.9734810756972
0.5772265625,-44.9734810756972
0.577265625,-43.9734810756972
0.5773046875,-43.9734810756972
0.57734375,-41.9734810756972
0.5773828125,-38.9734810756972
0.577421875,-34.9734810756972
0.5774609375,-27.9734810756972
0.5775,-17.9734810756972
0.5775390625,-6.97348107569724
0.577578125,5.02651892430276
0.5776171875,15.0265189243028
0.57765625,22.0265189243028
0.5776953125,27.0265189243028
0.577734375,30.0265189243028
0.5777734375,34.0265189243028
0.5778125,38.0265189243028
0.5778515625,40.0265189243028
0.577890625,40.0265189243028
0.5779296875,41.0265189243028
0.57796875,42.0265189243028
0.5780078125,40.0265189243028
0.578046875,38.0265189243028
0.5780859375,35.0265189243028
0.578125,32.0265189243028
0.5781640625,30.0265189243028
0.578203125,27.0265189243028
0.5782421875,24.0265189243028
0.57828125,20.0265189243028
0.5783203125,15.0265189243028
0.578359375,10.0265189243028
0.5783984375,4.02651892430276
0.5784375,-3.97348107569724
0.5784765625,-11.9734810756972
0.578515625,-20.9734810756972
0.5785546875,-30.9734810756972
0.57859375,-38.9734810756972
0.5786328125,-47.9734810756972
0.578671875,-54.9734810756972
0.5787109375,-58.9734810756972
0.57875,-57.9734810756972
0.5787890625,-53.9734810756972
0.578828125,-46.9734810756972
0.5788671875,-37.9734810756972
0.57890625,-28.9734810756972
0.5789453125,-21.9734810756972
0.578984375,-14.9734810756972
0.5790234375,-8.97348107569724
0.5790625,-3.97348107569724
0.5791015625,3.02651892430276
0.579140625,9.02651892430276
0.5791796875,16.0265189243028
0.57921875,22.0265189243028
0.5792578125,26.0265189243028
0.579296875,30.0265189243028
0.5793359375,32.0265189243028
0.579375,34.0265189243028
0.5794140625,35.0265189243028
0.579453125,36.0265189243028
0.5794921875,38.0265189243028
0.57953125,39.0265189243028
0.5795703125,37.0265189243028
0.579609375,33.0265189243028
0.5796484375,26.0265189243028
0.5796875,17.0265189243028
0.5797265625,7.02651892430276
0.579765625,-1.97348107569724
0.5798046875,-8.97348107569724
0.57984375,-14.9734810756972
0.5798828125,-21.9734810756972
0.579921875,-24.9734810756972
0.5799609375,-27.9734810756972
0.58,-27.9734810756972
0.5800390625,-27.9734810756972
0.580078125,-27.9734810756972
0.5801171875,-25.9734810756972
0.58015625,-25.9734810756972
0.5801953125,-24.9734810756972
0.580234375,-24.9734810756972
0.5802734375,-23.9734810756972
0.5803125,-21.9734810756972
0.5803515625,-18.9734810756972
0.580390625,-14.9734810756972
0.5804296875,-8.97348107569724
0.58046875,-1.97348107569724
0.5805078125,5.02651892430276
0.580546875,12.0265189243028
0.5805859375,17.0265189243028
0.580625,21.0265189243028
0.5806640625,23.0265189243028
0.580703125,26.0265189243028
0.5807421875,28.0265189243028
0.58078125,32.0265189243028
0.5808203125,35.0265189243028
0.580859375,36.0265189243028
0.5808984375,34.0265189243028
0.5809375,30.0265189243028
0.5809765625,25.0265189243028
0.581015625,21.0265189243028
0.5810546875,17.0265189243028
0.58109375,12.0265189243028
0.5811328125,8.02651892430276
0.581171875,1.02651892430276
0.5812109375,-5.97348107569724
0.58125,-11.9734810756972
0.5812890625,-17.9734810756972
0.581328125,-21.9734810756972
0.5813671875,-22.9734810756972
0.58140625,-23.9734810756972
0.5814453125,-24.9734810756972
0.581484375,-23.9734810756972
0.5815234375,-21.9734810756972
0.5815625,-20.9734810756972
0.5816015625,-18.9734810756972
0.581640625,-16.9734810756972
0.5816796875,-14.9734810756972
0.58171875,-11.9734810756972
0.5817578125,-7.97348107569724
0.581796875,-4.97348107569724
0.5818359375,-0.973481075697237
0.581875,3.02651892430276
0.5819140625,4.02651892430276
0.581953125,7.02651892430276
0.5819921875,9.02651892430276
0.58203125,13.0265189243028
0.5820703125,15.0265189243028
0.582109375,19.0265189243028
0.5821484375,19.0265189243028
0.5821875,20.0265189243028
0.5822265625,19.0265189243028
0.582265625,16.0265189243028
0.5823046875,12.0265189243028
0.58234375,8.02651892430276
0.5823828125,3.02651892430276
0.582421875,0.0265189243027635
0.5824609375,-2.97348107569724
0.5825,-5.97348107569724
0.5825390625,-9.97348107569724
0.582578125,-13.9734810756972
0.5826171875,-14.9734810756972
0.58265625,-15.9734810756972
0.5826953125,-15.9734810756972
0.582734375,-14.9734810756972
0.5827734375,-15.9734810756972
0.5828125,-15.9734810756972
0.5828515625,-15.9734810756972
0.582890625,-15.9734810756972
0.5829296875,-15.9734810756972
0.58296875,-15.9734810756972
0.5830078125,-12.9734810756972
0.583046875,-9.97348107569724
0.5830859375,-6.97348107569724
0.583125,-1.97348107569724
0.5831640625,0.0265189243027635
0.583203125,3.02651892430276
0.5832421875,5.02651892430276
0.58328125,7.02651892430276
0.5833203125,8.02651892430276
0.583359375,11.0265189243028
0.5833984375,11.0265189243028
0.5834375,13.0265189243028
0.5834765625,14.0265189243028
0.583515625,14.0265189243028
0.5835546875,13.0265189243028
0.58359375,13.0265189243028
0.5836328125,13.0265189243028
0.583671875,13.0265189243028
0.5837109375,15.0265189243028
0.58375,16.0265189243028
0.5837890625,16.0265189243028
0.583828125,14.0265189243028
0.5838671875,13.0265189243028
0.58390625,9.02651892430276
0.5839453125,5.02651892430276
0.583984375,3.02651892430276
0.5840234375,0.0265189243027635
0.5840625,-1.97348107569724
0.5841015625,-3.97348107569724
0.584140625,-5.97348107569724
0.5841796875,-7.97348107569724
0.58421875,-9.97348107569724
0.5842578125,-10.9734810756972
0.584296875,-11.9734810756972
0.5843359375,-11.9734810756972
0.584375,-11.9734810756972
0.5844140625,-11.9734810756972
0.584453125,-11.9734810756972
0.5844921875,-11.9734810756972
0.58453125,-10.9734810756972
0.5845703125,-10.9734810756972
0.584609375,-9.97348107569724
0.5846484375,-7.97348107569724
0.5846875,-5.97348107569724
0.5847265625,-2.97348107569724
0.584765625,-0.973481075697237
0.5848046875,-0.973481075697237
0.58484375,-0.973481075697237
0.5848828125,-0.973481075697237
0.584921875,0.0265189243027635
0.5849609375,2.02651892430276
0.585,5.02651892430276
0.5850390625,9.02651892430276
0.585078125,12.0265189243028
0.5851171875,15.0265189243028
0.58515625,14.0265189243028
0.5851953125,14.0265189243028
0.585234375,13.0265189243028
0.5852734375,12.0265189243028
0.5853125,13.0265189243028
0.5853515625,13.0265189243028
0.585390625,13.0265189243028
0.5854296875,11.0265189243028
0.58546875,9.02651892430276
0.5855078125,5.02651892430276
0.585546875,1.02651892430276
0.5855859375,0.0265189243027635
0.585625,-2.97348107569724
0.5856640625,-3.97348107569724
0.585703125,-4.97348107569724
0.5857421875,-5.97348107569724
0.58578125,-6.97348107569724
0.5858203125,-5.97348107569724
0.585859375,-5.97348107569724
0.5858984375,-5.97348107569724
0.5859375,-5.97348107569724
0.5859765625,-4.97348107569724
0.586015625,-1.97348107569724
0.5860546875,-1.97348107569724
0.58609375,-1.97348107569724
0.5861328125,-3.97348107569724
0.586171875,-4.97348107569724
0.5862109375,-7.97348107569724
0.58625,-7.97348107569724
0.5862890625,-7.97348107569724
0.586328125,-6.97348107569724
0.5863671875,-4.97348107569724
0.58640625,-5.97348107569724
0.5864453125,-4.97348107569724
0.586484375,-5.97348107569724
0.5865234375,-6.97348107569724
0.5865625,-7.97348107569724
0.5866015625,-7.97348107569724
0.586640625,-5.97348107569724
0.5866796875,-4.97348107569724
0.58671875,-2.97348107569724
0.5867578125,-2.97348107569724
0.586796875,-1.97348107569724
0.5868359375,-0.973481075697237
0.586875,1.02651892430276
0.5869140625,4.02651892430276
0.586953125,6.02651892430276
0.5869921875,8.02651892430276
0.58703125,11.0265189243028
0.5870703125,12.0265189243028
0.587109375,13.0265189243028
0.5871484375,12.0265189243028
0.5871875,10.0265189243028
0.5872265625,9.02651892430276
0.587265625,7.02651892430276
0.5873046875,6.02651892430276
0.58734375,4.02651892430276
0.5873828125,3.02651892430276
0.587421875,2.02651892430276
0.5874609375,0.0265189243027635
0.5875,-1.97348107569724
0.5875390625,-1.97348107569724
0.587578125,0.0265189243027635
0.5876171875,0.0265189243027635
0.58765625,0.0265189243027635
0.5876953125,0.0265189243027635
0.587734375,-2.97348107569724
0.5877734375,-5.97348107569724
0.5878125,-6.97348107569724
0.5878515625,-8.97348107569724
0.587890625,-8.97348107569724
0.5879296875,-5.97348107569724
0.58796875,-2.97348107569724
0.5880078125,0.0265189243027635
0.588046875,4.02651892430276
0.5880859375,6.02651892430276
0.588125,8.02651892430276
0.5881640625,7.02651892430276
0.588203125,5.02651892430276
0.5882421875,6.02651892430276
0.58828125,6.02651892430276
0.5883203125,6.02651892430276
0.588359375,6.02651892430276
0.5883984375,5.02651892430276
0.5884375,4.02651892430276
0.5884765625,1.02651892430276
0.588515625,0.0265189243027635
0.5885546875,-0.973481075697237
0.58859375,-1.97348107569724
0.5886328125,-1.97348107569724
0.588671875,-1.97348107569724
0.5887109375,-1.97348107569724
0.58875,-1.97348107569724
0.5887890625,-1.97348107569724
0.588828125,-2.97348107569724
0.5888671875,-3.97348107569724
0.58890625,-2.97348107569724
0.5889453125,-2.97348107569724
0.588984375,-3.97348107569724
0.5890234375,-2.97348107569724
0.5890625,-3.97348107569724
0.5891015625,-5.97348107569724
0.589140625,-6.97348107569724
0.5891796875,-6.97348107569724
0.58921875,-5.97348107569724
0.5892578125,-5.97348107569724
0.589296875,-1.97348107569724
0.5893359375,0.0265189243027635
0.589375,0.0265189243027635
0.5894140625,1.02651892430276
0.589453125,1.02651892430276
0.5894921875,1.02651892430276
0.58953125,3.02651892430276
0.5895703125,3.02651892430276
0.589609375,5.02651892430276
0.5896484375,5.02651892430276
0.5896875,5.02651892430276
0.5897265625,3.02651892430276
0.589765625,1.02651892430276
0.5898046875,0.0265189243027635
0.58984375,-1.97348107569724
0.5898828125,-2.97348107569724
0.589921875,-3.97348107569724
0.5899609375,-3.97348107569724
0.59,-2.97348107569724
0.5900390625,-3.97348107569724
0.590078125,-3.97348107569724
0.5901171875,-2.97348107569724
0.59015625,-0.973481075697237
0.5901953125,0.0265189243027635
0.590234375,2.02651892430276
0.5902734375,4.02651892430276
0.5903125,5.02651892430276
0.5903515625,4.02651892430276
0.590390625,3.02651892430276
0.5904296875,2.02651892430276
0.59046875,0.0265189243027635
0.5905078125,-1.97348107569724
0.590546875,-3.97348107569724
0.5905859375,-1.97348107569724
0.590625,0.0265189243027635
0.5906640625,1.02651892430276
0.590703125,2.02651892430276
0.5907421875,4.02651892430276
0.59078125,5.02651892430276
0.5908203125,6.02651892430276
0.590859375,9.02651892430276
0.5908984375,11.0265189243028
0.5909375,11.0265189243028
0.5909765625,12.0265189243028
0.591015625,9.02651892430276
0.5910546875,7.02651892430276
0.59109375,4.02651892430276
0.5911328125,1.02651892430276
0.591171875,-0.973481075697237
0.5912109375,-0.973481075697237
0.59125,-0.973481075697237
0.5912890625,1.02651892430276
0.591328125,0.0265189243027635
0.5913671875,-0.973481075697237
0.59140625,-1.97348107569724
0.5914453125,-3.97348107569724
0.591484375,-4.97348107569724
0.5915234375,-6.97348107569724
0.5915625,-8.97348107569724
0.5916015625,-10.9734810756972
0.591640625,-12.9734810756972
0.5916796875,-12.9734810756972
0.59171875,-12.9734810756972
0.5917578125,-9.97348107569724
0.591796875,-6.97348107569724
0.5918359375,-2.97348107569724
0.591875,-0.973481075697237
0.5919140625,-0.973481075697237
0.591953125,-3.97348107569724
0.5919921875,-5.97348107569724
0.59203125,-4.97348107569724
0.5920703125,-1.97348107569724
0.592109375,2.02651892430276
0.5921484375,4.02651892430276
0.5921875,5.02651892430276
0.5922265625,9.02651892430276
0.592265625,11.0265189243028
0.5923046875,9.02651892430276
0.59234375,7.02651892430276
0.5923828125,5.02651892430276
0.592421875,4.02651892430276
0.5924609375,4.02651892430276
0.5925,4.02651892430276
0.5925390625,7.02651892430276
0.592578125,9.02651892430276
0.5926171875,10.0265189243028
0.59265625,7.02651892430276
0.5926953125,7.02651892430276
0.592734375,3.02651892430276
0.5927734375,2.02651892430276
0.5928125,3.02651892430276
0.5928515625,3.02651892430276
0.592890625,2.02651892430276
0.5929296875,1.02651892430276
0.59296875,-0.973481075697237
0.5930078125,-2.97348107569724
0.593046875,-3.97348107569724
0.5930859375,-5.97348107569724
0.593125,-9.97348107569724
0.5931640625,-13.9734810756972
0.593203125,-17.9734810756972
0.5932421875,-19.9734810756972
0.59328125,-20.9734810756972
0.5933203125,-19.9734810756972
0.593359375,-17.9734810756972
0.5933984375,-13.9734810756972
0.5934375,-8.97348107569724
0.5934765625,-4.97348107569724
0.593515625,-0.973481075697237
0.5935546875,5.02651892430276
0.59359375,8.02651892430276
0.5936328125,9.02651892430276
0.593671875,9.02651892430276
0.5937109375,9.02651892430276
0.59375,10.0265189243028
0.5937890625,11.0265189243028
0.593828125,12.0265189243028
0.5938671875,14.0265189243028
0.59390625,13.0265189243028
0.5939453125,10.0265189243028
0.593984375,7.02651892430276
0.5940234375,4.02651892430276
0.5940625,5.02651892430276
0.5941015625,4.02651892430276
0.594140625,5.02651892430276
0.5941796875,6.02651892430276
0.59421875,5.02651892430276
0.5942578125,4.02651892430276
0.594296875,0.0265189243027635
0.5943359375,-2.97348107569724
0.594375,-6.97348107569724
0.5944140625,-10.9734810756972
0.594453125,-12.9734810756972
0.5944921875,-11.9734810756972
0.59453125,-9.97348107569724
0.5945703125,-7.97348107569724
0.594609375,-5.97348107569724
0.5946484375,-4.97348107569724
0.5946875,-2.97348107569724
0.5947265625,0.0265189243027635
0.594765625,3.02651892430276
0.5948046875,7.02651892430276
0.59484375,9.02651892430276
0.5948828125,9.02651892430276
0.594921875,8.02651892430276
0.5949609375,6.02651892430276
0.595,5.02651892430276
0.5950390625,3.02651892430276
0.595078125,3.02651892430276
0.5951171875,2.02651892430276
0.59515625,1.02651892430276
0.5951953125,3.02651892430276
0.595234375,2.02651892430276
0.5952734375,1.02651892430276
0.5953125,-0.973481075697237
0.5953515625,-4.97348107569724
0.595390625,-6.97348107569724
0.5954296875,-5.97348107569724
0.59546875,-2.97348107569724
0.5955078125,0.0265189243027635
0.595546875,-2.97348107569724
0.5955859375,-8.97348107569724
0.595625,-6.97348107569724
0.5956640625,-2.97348107569724
0.595703125,0.0265189243027635
0.5957421875,3.02651892430276
0.59578125,4.02651892430276
0.5958203125,6.02651892430276
0.595859375,8.02651892430276
0.5958984375,4.02651892430276
0.5959375,0.0265189243027635
0.5959765625,0.0265189243027635
0.596015625,0.0265189243027635
0.5960546875,1.02651892430276
0.59609375,2.02651892430276
0.5961328125,7.02651892430276
0.596171875,10.0265189243028
0.5962109375,12.0265189243028
0.59625,12.0265189243028
0.5962890625,11.0265189243028
0.596328125,6.02651892430276
0.5963671875,0.0265189243027635
0.59640625,-4.97348107569724
0.5964453125,-10.9734810756972
0.596484375,-15.9734810756972
0.5965234375,-22.9734810756972
0.5965625,-27.9734810756972
0.5966015625,-31.9734810756972
0.596640625,-30.9734810756972
0.5966796875,-27.9734810756972
0.59671875,-23.9734810756972
0.5967578125,-17.9734810756972
0.596796875,-10.9734810756972
0.5968359375,-5.97348107569724
0.596875,-2.97348107569724
0.5969140625,2.02651892430276
0.596953125,6.02651892430276
0.5969921875,9.02651892430276
0.59703125,11.0265189243028
0.5970703125,14.0265189243028
0.597109375,15.0265189243028
0.5971484375,17.0265189243028
0.5971875,16.0265189243028
0.5972265625,14.0265189243028
0.597265625,15.0265189243028
0.5973046875,15.0265189243028
0.59734375,17.0265189243028
0.5973828125,19.0265189243028
0.597421875,22.0265189243028
0.5974609375,24.0265189243028
0.5975,26.0265189243028
0.5975390625,26.0265189243028
0.597578125,24.0265189243028
0.5976171875,22.0265189243028
0.59765625,19.0265189243028
0.5976953125,17.0265189243028
0.597734375,13.0265189243028
0.5977734375,9.02651892430276
0.5978125,3.02651892430276
0.5978515625,-2.97348107569724
0.597890625,-9.97348107569724
0.5979296875,-16.9734810756972
0.59796875,-21.9734810756972
0.5980078125,-24.9734810756972
0.598046875,-26.9734810756972
0.5980859375,-26.9734810756972
0.598125,-25.9734810756972
0.5981640625,-24.9734810756972
0.598203125,-22.9734810756972
0.5982421875,-22.9734810756972
0.59828125,-20.9734810756972
0.5983203125,-18.9734810756972
0.598359375,-15.9734810756972
0.5983984375,-11.9734810756972
0.5984375,-8.97348107569724
0.5984765625,-5.97348107569724
0.598515625,-4.97348107569724
0.5985546875,-1.97348107569724
0.59859375,0.0265189243027635
0.5986328125,3.02651892430276
0.598671875,7.02651892430276
0.5987109375,9.02651892430276
0.59875,12.0265189243028
0.5987890625,14.0265189243028
0.598828125,13.0265189243028
0.5988671875,13.0265189243028
0.59890625,11.0265189243028
0.5989453125,11.0265189243028
0.598984375,11.0265189243028
0.5990234375,11.0265189243028
0.5990625,9.02651892430276
0.5991015625,5.02651892430276
0.599140625,1.02651892430276
0.5991796875,-1.97348107569724
0.59921875,-6.97348107569724
0.5992578125,-8.97348107569724
0.599296875,-10.9734810756972
0.5993359375,-11.9734810756972
0.599375,-12.9734810756972
0.5994140625,-13.9734810756972
0.599453125,-12.9734810756972
0.5994921875,-12.9734810756972
0.59953125,-11.9734810756972
0.5995703125,-11.9734810756972
0.599609375,-10.9734810756972
0.5996484375,-8.97348107569724
0.5996875,-6.97348107569724
0.5997265625,-4.97348107569724
0.599765625,-2.97348107569724
0.5998046875,-1.97348107569724
0.59984375,1.02651892430276
0.5998828125,4.02651892430276
0.599921875,7.02651892430276
0.5999609375,11.0265189243028
0.6,15.0265189243028
0.6000390625,17.0265189243028
0.600078125,19.0265189243028
0.6001171875,21.0265189243028
0.60015625,22.0265189243028
0.6001953125,21.0265189243028
0.600234375,21.0265189243028
0.6002734375,22.0265189243028
0.6003125,23.0265189243028
0.6003515625,25.0265189243028
0.600390625,24.0265189243028
0.6004296875,22.0265189243028
0.60046875,18.0265189243028
0.6005078125,14.0265189243028
0.600546875,10.0265189243028
0.6005859375,4.02651892430276
0.600625,0.0265189243027635
0.6006640625,-2.97348107569724
0.600703125,-5.97348107569724
0.6007421875,-8.97348107569724
0.60078125,-10.9734810756972
0.6008203125,-13.9734810756972
0.600859375,-14.9734810756972
0.6008984375,-16.9734810756972
0.6009375,-18.9734810756972
0.6009765625,-19.9734810756972
0.601015625,-18.9734810756972
0.6010546875,-17.9734810756972
0.60109375,-15.9734810756972
0.6011328125,-14.9734810756972
0.601171875,-14.9734810756972
0.6012109375,-14.9734810756972
0.60125,-14.9734810756972
0.6012890625,-13.9734810756972
0.601328125,-11.9734810756972
0.6013671875,-7.97348107569724
0.60140625,-4.97348107569724
0.6014453125,-1.97348107569724
0.601484375,1.02651892430276
0.6015234375,4.02651892430276
0.6015625,7.02651892430276
0.6016015625,12.0265189243028
0.601640625,17.0265189243028
0.6016796875,17.0265189243028
0.60171875,16.0265189243028
0.6017578125,12.0265189243028
0.601796875,6.02651892430276
0.6018359375,1.02651892430276
0.601875,-2.97348107569724
0.6019140625,-4.97348107569724
0.601953125,-6.97348107569724
0.6019921875,-6.97348107569724
0.60203125,-6.97348107569724
0.6020703125,-7.97348107569724
0.602109375,-7.97348107569724
0.6021484375,-8.97348107569724
0.6021875,-8.97348107569724
0.6022265625,-8.97348107569724
0.602265625,-7.97348107569724
0.6023046875,-6.97348107569724
0.60234375,-4.97348107569724
0.6023828125,-3.97348107569724
0.602421875,-1.97348107569724
0.6024609375,-1.97348107569724
0.6025,-1.97348107569724
0.6025390625,-0.973481075697237
0.602578125,1.02651892430276
0.6026171875,2.02651892430276
0.60265625,6.02651892430276
0.6026953125,8.02651892430276
0.602734375,11.0265189243028
0.6027734375,14.0265189243028
0.6028125,16.0265189243028
0.6028515625,18.0265189243028
0.602890625,20.0265189243028
0.6029296875,23.0265189243028
0.60296875,23.0265189243028
0.6030078125,22.0265189243028
0.603046875,19.0265189243028
0.6030859375,13.0265189243028
0.603125,8.02651892430276
0.6031640625,3.02651892430276
0.603203125,-0.973481075697237
0.6032421875,-2.97348107569724
0.60328125,-3.97348107569724
0.6033203125,-5.97348107569724
0.603359375,-6.97348107569724
0.6033984375,-9.97348107569724
0.6034375,-9.97348107569724
0.6034765625,-11.9734810756972
0.603515625,-13.9734810756972
0.6035546875,-12.9734810756972
0.60359375,-10.9734810756972
0.6036328125,-9.97348107569724
0.603671875,-7.97348107569724
0.6037109375,-6.97348107569724
0.60375,-7.97348107569724
0.6037890625,-7.97348107569724
0.603828125,-8.97348107569724
0.6038671875,-8.97348107569724
0.60390625,-8.97348107569724
0.6039453125,-6.97348107569724
0.603984375,-3.97348107569724
0.6040234375,-3.97348107569724
0.6040625,-2.97348107569724
0.6041015625,-1.97348107569724
0.604140625,-0.973481075697237
0.6041796875,2.02651892430276
0.60421875,3.02651892430276
0.6042578125,5.02651892430276
0.604296875,6.02651892430276
0.6043359375,6.02651892430276
0.604375,5.02651892430276
0.6044140625,4.02651892430276
0.604453125,5.02651892430276
0.6044921875,5.02651892430276
0.60453125,6.02651892430276
0.6045703125,7.02651892430276
0.604609375,8.02651892430276
0.6046484375,9.02651892430276
0.6046875,9.02651892430276
0.6047265625,7.02651892430276
0.604765625,6.02651892430276
0.6048046875,4.02651892430276
0.60484375,2.02651892430276
0.6048828125,2.02651892430276
0.604921875,2.02651892430276
0.6049609375,0.0265189243027635
0.605,-0.973481075697237
0.6050390625,-3.97348107569724
0.605078125,-7.97348107569724
0.6051171875,-10.9734810756972
0.60515625,-11.9734810756972
0.6051953125,-11.9734810756972
0.605234375,-9.97348107569724
0.6052734375,-9.97348107569724
0.6053125,-9.97348107569724
0.6053515625,-10.9734810756972
0.605390625,-11.9734810756972
0.6054296875,-11.9734810756972
0.60546875,-11.9734810756972
0.6055078125,-9.97348107569724
0.605546875,-8.97348107569724
0.6055859375,-5.97348107569724
0.605625,-1.97348107569724
0.6056640625,2.02651892430276
0.605703125,5.02651892430276
0.6057421875,7.02651892430276
0.60578125,8.02651892430276
0.6058203125,11.0265189243028
0.605859375,12.0265189243028
0.6058984375,12.0265189243028
0.6059375,13.0265189243028
0.6059765625,13.0265189243028
0.606015625,12.0265189243028
0.6060546875,11.0265189243028
0.60609375,10.0265189243028
0.6061328125,9.02651892430276
0.606171875,10.0265189243028
0.6062109375,12.0265189243028
0.60625,13.0265189243028
0.6062890625,13.0265189243028
0.606328125,12.0265189243028
0.6063671875,8.02651892430276
0.60640625,6.02651892430276
0.6064453125,5.02651892430276
0.606484375,5.02651892430276
0.6065234375,4.02651892430276
0.6065625,3.02651892430276
0.6066015625,1.02651892430276
0.606640625,-0.973481075697237
0.6066796875,-2.97348107569724
0.60671875,-4.97348107569724
0.6067578125,-7.97348107569724
0.606796875,-6.97348107569724
0.6068359375,-7.97348107569724
0.606875,-5.97348107569724
0.6069140625,-5.97348107569724
0.606953125,-7.97348107569724
0.6069921875,-8.97348107569724
0.60703125,-10.9734810756972
0.6070703125,-11.9734810756972
0.607109375,-10.9734810756972
0.6071484375,-8.97348107569724
0.6071875,-8.97348107569724
0.6072265625,-7.97348107569724
0.607265625,-7.97348107569724
0.6073046875,-9.97348107569724
0.60734375,-10.9734810756972
0.6073828125,-10.9734810756972
0.607421875,-8.97348107569724
0.6074609375,-6.97348107569724
0.6075,-2.97348107569724
0.6075390625,0.0265189243027635
0.607578125,3.02651892430276
0.6076171875,3.02651892430276
0.60765625,2.02651892430276
0.6076953125,2.02651892430276
0.607734375,0.0265189243027635
0.6077734375,-1.97348107569724
0.6078125,-0.973481075697237
0.6078515625,-1.97348107569724
0.607890625,-1.97348107569724
0.6079296875,-0.973481075697237
0.60796875,-0.973481075697237
0.6080078125,-1.97348107569724
0.608046875,0.0265189243027635
0.6080859375,0.0265189243027635
0.608125,1.02651892430276
0.6081640625,2.02651892430276
0.608203125,4.02651892430276
0.6082421875,4.02651892430276
0.60828125,6.02651892430276
0.6083203125,5.02651892430276
0.608359375,6.02651892430276
0.6083984375,5.02651892430276
0.6084375,5.02651892430276
0.6084765625,4.02651892430276
0.608515625,3.02651892430276
0.6085546875,2.02651892430276
0.60859375,1.02651892430276
0.6086328125,-0.973481075697237
0.608671875,-1.97348107569724
0.6087109375,-0.973481075697237
0.60875,0.0265189243027635
0.6087890625,3.02651892430276
0.608828125,7.02651892430276
0.6088671875,10.0265189243028
0.60890625,12.0265189243028
0.6089453125,11.0265189243028
0.608984375,11.0265189243028
0.6090234375,10.0265189243028
0.6090625,10.0265189243028
0.6091015625,8.02651892430276
0.609140625,6.02651892430276
0.6091796875,4.02651892430276
0.60921875,3.02651892430276
0.6092578125,1.02651892430276
0.609296875,-0.973481075697237
0.6093359375,-2.97348107569724
0.609375,-4.97348107569724
0.6094140625,-5.97348107569724
0.609453125,-5.97348107569724
0.6094921875,-3.97348107569724
0.60953125,-1.97348107569724
0.6095703125,0.0265189243027635
0.609609375,0.0265189243027635
0.6096484375,1.02651892430276
0.6096875,2.02651892430276
0.6097265625,4.02651892430276
0.609765625,5.02651892430276
0.6098046875,6.02651892430276
0.60984375,4.02651892430276
0.6098828125,2.02651892430276
0.609921875,0.0265189243027635
0.6099609375,-2.97348107569724
0.61,-3.97348107569724
0.6100390625,-4.97348107569724
0.610078125,-4.97348107569724
0.6101171875,-4.97348107569724
0.61015625,-3.97348107569724
0.6101953125,-2.97348107569724
0.610234375,-4.97348107569724
0.6102734375,-5.97348107569724
0.6103125,-6.97348107569724
0.6103515625,-7.97348107569724
0.610390625,-7.97348107569724
0.6104296875,-6.97348107569724
0.61046875,-4.97348107569724
0.6105078125,-3.97348107569724
0.610546875,-3.97348107569724
0.6105859375,-4.97348107569724
0.610625,-6.97348107569724
0.6106640625,-9.97348107569724
0.610703125,-9.97348107569724
0.6107421875,-8.97348107569724
0.61078125,-7.97348107569724
0.6108203125,-6.97348107569724
0.610859375,-5.97348107569724
0.6108984375,-5.97348107569724
0.6109375,-7.97348107569724
0.6109765625,-7.97348107569724
0.611015625,-7.97348107569724
0.6110546875,-7.97348107569724
0.61109375,-7.97348107569724
0.6111328125,-6.97348107569724
0.611171875,-6.97348107569724
0.6112109375,-4.97348107569724
0.61125,-2.97348107569724
0.6112890625,0.0265189243027635
0.611328125,1.02651892430276
0.6113671875,4.02651892430276
0.61140625,8.02651892430276
0.6114453125,12.0265189243028
0.611484375,14.0265189243028
0.6115234375,17.0265189243028
0.6115625,17.0265189243028
0.6116015625,17.0265189243028
0.611640625,16.0265189243028
0.6116796875,17.0265189243028
0.61171875,18.0265189243028
0.6117578125,19.0265189243028
0.611796875,19.0265189243028
0.6118359375,18.0265189243028
0.611875,16.0265189243028
0.6119140625,14.0265189243028
0.611953125,11.0265189243028
0.6119921875,8.02651892430276
0.61203125,3.02651892430276
0.6120703125,-1.97348107569724
0.612109375,-3.97348107569724
0.6121484375,-0.973481075697237
0.6121875,4.02651892430276
0.6122265625,7.02651892430276
0.612265625,5.02651892430276
0.6123046875,1.02651892430276
0.61234375,-1.97348107569724
0.6123828125,-2.97348107569724
0.612421875,-3.97348107569724
0.6124609375,-8.97348107569724
0.6125,-11.9734810756972
0.6125390625,-15.9734810756972
0.612578125,-18.9734810756972
0.6126171875,-20.9734810756972
0.61265625,-21.9734810756972
0.6126953125,-19.9734810756972
0.612734375,-15.9734810756972
0.6127734375,-11.9734810756972
0.6128125,-6.97348107569724
0.6128515625,-2.97348107569724
0.612890625,-0.973481075697237
0.6129296875,-0.973481075697237
0.61296875,-0.973481075697237
0.6130078125,-0.973481075697237
0.613046875,-2.97348107569724
0.6130859375,-0.973481075697237
0.613125,0.0265189243027635
0.6131640625,1.02651892430276
0.613203125,3.02651892430276
0.6132421875,5.02651892430276
0.61328125,7.02651892430276
0.6133203125,9.02651892430276
0.613359375,11.0265189243028
0.6133984375,12.0265189243028
0.6134375,14.0265189243028
0.6134765625,14.0265189243028
0.613515625,13.0265189243028
0.6135546875,8.02651892430276
0.61359375,2.02651892430276
0.6136328125,-0.973481075697237
0.613671875,-1.97348107569724
0.6137109375,-1.97348107569724
0.61375,-0.973481075697237
0.6137890625,0.0265189243027635
0.613828125,-3.97348107569724
0.6138671875,-8.97348107569724
0.61390625,-12.9734810756972
0.6139453125,-14.9734810756972
0.613984375,-15.9734810756972
0.6140234375,-13.9734810756972
0.6140625,-10.9734810756972
0.6141015625,-10.9734810756972
0.614140625,-7.97348107569724
0.6141796875,-5.97348107569724
0.61421875,-4.97348107569724
0.6142578125,-3.97348107569724
0.614296875,-1.97348107569724
0.6143359375,0.0265189243027635
0.614375,1.02651892430276
0.6144140625,2.02651892430276
0.614453125,1.02651892430276
0.6144921875,0.0265189243027635
0.61453125,0.0265189243027635
0.6145703125,-0.973481075697237
0.614609375,0.0265189243027635
0.6146484375,3.02651892430276
0.6146875,7.02651892430276
0.6147265625,10.0265189243028
0.614765625,14.0265189243028
0.6148046875,16.0265189243028
0.61484375,17.0265189243028
0.6148828125,16.0265189243028
0.614921875,15.0265189243028
0.6149609375,15.0265189243028
0.615,15.0265189243028
0.6150390625,15.0265189243028
0.615078125,15.0265189243028
0.6151171875,14.0265189243028
0.61515625,8.02651892430276
0.6151953125,2.02651892430276
0.615234375,-1.97348107569724
0.6152734375,-3.97348107569724
0.6153125,-4.97348107569724
0.6153515625,-3.97348107569724
0.615390625,-5.97348107569724
0.6154296875,-7.97348107569724
0.61546875,-14.9734810756972
0.6155078125,-21.9734810756972
0.615546875,-22.9734810756972
0.6155859375,-21.9734810756972
0.615625,-16.9734810756972
0.6156640625,-13.9734810756972
0.615703125,-10.9734810756972
0.6157421875,-6.97348107569724
0.61578125,-2.97348107569724
0.6158203125,1.02651892430276
0.615859375,1.02651892430276
0.6158984375,1.02651892430276
0.6159375,3.02651892430276
0.6159765625,5.02651892430276
0.616015625,8.02651892430276
0.6160546875,8.02651892430276
0.61609375,7.02651892430276
0.6161328125,7.02651892430276
0.616171875,6.02651892430276
0.6162109375,4.02651892430276
0.61625,5.02651892430276
0.6162890625,6.02651892430276
0.616328125,6.02651892430276
0.6163671875,8.02651892430276
0.61640625,8.02651892430276
0.6164453125,8.02651892430276
0.616484375,7.02651892430276
0.6165234375,7.02651892430276
0.6165625,5.02651892430276
0.6166015625,3.02651892430276
0.616640625,-0.973481075697237
0.6166796875,-5.97348107569724
0.61671875,-11.9734810756972
0.6167578125,-15.9734810756972
0.616796875,-19.9734810756972
0.6168359375,-22.9734810756972
0.616875,-21.9734810756972
0.6169140625,-19.9734810756972
0.616953125,-16.9734810756972
0.6169921875,-14.9734810756972
0.61703125,-13.9734810756972
0.6170703125,-11.9734810756972
0.617109375,-7.97348107569724
0.6171484375,-5.97348107569724
0.6171875,0.0265189243027635
0.6172265625,6.02651892430276
0.617265625,13.0265189243028
0.6173046875,18.0265189243028
0.61734375,20.0265189243028
0.6173828125,22.0265189243028
0.617421875,22.0265189243028
0.6174609375,21.0265189243028
0.6175,21.0265189243028
0.6175390625,20.0265189243028
0.617578125,20.0265189243028
0.6176171875,19.0265189243028
0.61765625,17.0265189243028
0.6176953125,15.0265189243028
0.617734375,12.0265189243028
0.6177734375,9.02651892430276
0.6178125,4.02651892430276
0.6178515625,0.0265189243027635
0.617890625,-1.97348107569724
0.6179296875,-3.97348107569724
0.61796875,-3.97348107569724
0.6180078125,-4.97348107569724
0.618046875,-6.97348107569724
0.6180859375,-9.97348107569724
0.618125,-10.9734810756972
0.6181640625,-12.9734810756972
0.618203125,-13.9734810756972
0.6182421875,-12.9734810756972
0.61828125,-10.9734810756972
0.6183203125,-10.9734810756972
0.618359375,-8.97348107569724
0.6183984375,-9.97348107569724
0.6184375,-11.9734810756972
0.6184765625,-10.9734810756972
0.618515625,-7.97348107569724
0.6185546875,-5.97348107569724
0.61859375,-2.97348107569724
0.6186328125,0.0265189243027635
0.618671875,2.02651892430276
0.6187109375,4.02651892430276
0.61875,6.02651892430276
0.6187890625,7.02651892430276
0.618828125,8.02651892430276
0.6188671875,10.0265189243028
0.61890625,10.0265189243028
0.6189453125,10.0265189243028
0.618984375,9.02651892430276
0.6190234375,7.02651892430276
0.6190625,6.02651892430276
0.6191015625,2.02651892430276
0.619140625,-0.973481075697237
0.6191796875,-4.97348107569724
0.61921875,-6.97348107569724
0.6192578125,-8.97348107569724
0.619296875,-10.9734810756972
0.6193359375,-13.9734810756972
0.619375,-16.9734810756972
0.6194140625,-17.9734810756972
0.619453125,-17.9734810756972
0.6194921875,-16.9734810756972
0.61953125,-13.9734810756972
0.6195703125,-11.9734810756972
0.619609375,-7.97348107569724
0.6196484375,-6.97348107569724
0.6196875,-7.97348107569724
0.6197265625,-8.97348107569724
0.619765625,-8.97348107569724
0.6198046875,-8.97348107569724
0.61984375,-5.97348107569724
0.6198828125,-3.97348107569724
0.619921875,-1.97348107569724
0.6199609375,-0.973481075697237
0.62,1.02651892430276
0.6200390625,4.02651892430276
0.620078125,8.02651892430276
0.6201171875,13.0265189243028
0.62015625,17.0265189243028
0.6201953125,21.0265189243028
0.620234375,23.0265189243028
0.6202734375,25.0265189243028
0.6203125,23.0265189243028
0.6203515625,22.0265189243028
0.620390625,19.0265189243028
0.6204296875,16.0265189243028
0.62046875,15.0265189243028
0.6205078125,14.0265189243028
0.620546875,12.0265189243028
0.6205859375,11.0265189243028
0.620625,12.0265189243028
0.6206640625,12.0265189243028
0.620703125,11.0265189243028
0.6207421875,10.0265189243028
0.62078125,8.02651892430276
0.6208203125,8.02651892430276
0.620859375,7.02651892430276
0.6208984375,4.02651892430276
0.6209375,3.02651892430276
0.6209765625,0.0265189243027635
0.621015625,-3.97348107569724
0.6210546875,-6.97348107569724
0.62109375,-9.97348107569724
0.6211328125,-11.9734810756972
0.621171875,-10.9734810756972
0.6212109375,-9.97348107569724
0.62125,-9.97348107569724
0.6212890625,-10.9734810756972
0.621328125,-10.9734810756972
0.6213671875,-11.9734810756972
0.62140625,-11.9734810756972
0.6214453125,-10.9734810756972
0.621484375,-9.97348107569724
0.6215234375,-6.97348107569724
0.6215625,-5.97348107569724
0.6216015625,-6.97348107569724
0.621640625,-5.97348107569724
0.6216796875,-6.97348107569724
0.62171875,-7.97348107569724
0.6217578125,-8.97348107569724
0.621796875,-9.97348107569724
0.6218359375,-9.97348107569724
0.621875,-7.97348107569724
0.6219140625,-7.97348107569724
0.621953125,-7.97348107569724
0.6219921875,-7.97348107569724
0.62203125,-6.97348107569724
0.6220703125,-5.97348107569724
0.622109375,-3.97348107569724
0.6221484375,-0.973481075697237
0.6221875,2.02651892430276
0.6222265625,3.02651892430276
0.622265625,5.02651892430276
0.6223046875,5.02651892430276
0.62234375,4.02651892430276
0.6223828125,4.02651892430276
0.622421875,5.02651892430276
0.6224609375,6.02651892430276
0.6225,9.02651892430276
0.6225390625,10.0265189243028
0.622578125,12.0265189243028
0.6226171875,11.0265189243028
0.62265625,11.0265189243028
0.6226953125,9.02651892430276
0.622734375,8.02651892430276
0.6227734375,7.02651892430276
0.6228125,8.02651892430276
0.6228515625,8.02651892430276
0.622890625,5.02651892430276
0.6229296875,2.02651892430276
0.62296875,-0.973481075697237
0.6230078125,-3.97348107569724
0.623046875,-4.97348107569724
0.6230859375,-4.97348107569724
0.623125,-4.97348107569724
0.6231640625,-2.97348107569724
0.623203125,-1.97348107569724
0.6232421875,-1.97348107569724
0.62328125,-1.97348107569724
0.6233203125,-1.97348107569724
0.623359375,-2.97348107569724
0.6233984375,-2.97348107569724
0.6234375,-2.97348107569724
0.6234765625,-2.97348107569724
0.623515625,-3.97348107569724
0.6235546875,-5.97348107569724
0.62359375,-6.97348107569724
0.6236328125,-6.97348107569724
0.623671875,-6.97348107569724
0.6237109375,-6.97348107569724
0.62375,-3.97348107569724
0.6237890625,-0.973481075697237
0.623828125,2.02651892430276
0.6238671875,3.02651892430276
0.62390625,4.02651892430276
0.6239453125,5.02651892430276
0.623984375,7.02651892430276
0.6240234375,9.02651892430276
0.6240625,11.0265189243028
0.6241015625,13.0265189243028
0.624140625,15.0265189243028
0.6241796875,13.0265189243028
0.62421875,12.0265189243028
0.6242578125,9.02651892430276
0.624296875,6.02651892430276
0.6243359375,3.02651892430276
0.624375,1.02651892430276
0.6244140625,0.0265189243027635
0.624453125,0.0265189243027635
0.6244921875,0.0265189243027635
0.62453125,0.0265189243027635
0.6245703125,-0.973481075697237
0.624609375,-2.97348107569724
0.6246484375,-5.97348107569724
0.6246875,-6.97348107569724
0.6247265625,-7.97348107569724
0.624765625,-7.97348107569724
0.6248046875,-7.97348107569724
0.62484375,-7.97348107569724
0.6248828125,-8.97348107569724
0.624921875,-8.97348107569724
0.6249609375,-7.97348107569724
0.625,-6.97348107569724
0.6250390625,-3.97348107569724
0.625078125,-1.97348107569724
0.6251171875,-0.973481075697237
0.62515625,1.02651892430276
0.6251953125,1.02651892430276
0.625234375,0.0265189243027635
0.6252734375,-0.973481075697237
0.6253125,-0.973481075697237
0.6253515625,-0.973481075697237
0.625390625,1.02651892430276
0.6254296875,2.02651892430276
0.62546875,3.02651892430276
0.6255078125,3.02651892430276
0.625546875,3.02651892430276
0.6255859375,3.02651892430276
0.625625,3.02651892430276
0.6256640625,4.02651892430276
0.625703125,5.02651892430276
0.6257421875,5.02651892430276
0.62578125,6.02651892430276
0.6258203125,6.02651892430276
0.625859375,4.02651892430276
0.6258984375,1.02651892430276
0.6259375,-2.97348107569724
0.6259765625,-5.97348107569724
0.626015625,-7.97348107569724
0.6260546875,-7.97348107569724
0.62609375,-7.97348107569724
0.6261328125,-6.97348107569724
0.626171875,-7.97348107569724
0.6262109375,-7.97348107569724
0.62625,-7.97348107569724
0.6262890625,-7.97348107569724
0.626328125,-7.97348107569724
0.6263671875,-5.97348107569724
0.62640625,-3.97348107569724
0.6264453125,-0.973481075697237
0.626484375,1.02651892430276
0.6265234375,3.02651892430276
0.6265625,6.02651892430276
0.6266015625,7.02651892430276
0.626640625,7.02651892430276
0.6266796875,8.02651892430276
0.62671875,9.02651892430276
0.6267578125,10.0265189243028
0.626796875,11.0265189243028
0.6268359375,11.0265189243028
0.626875,10.0265189243028
0.6269140625,10.0265189243028
0.626953125,9.02651892430276
0.6269921875,9.02651892430276
0.62703125,12.0265189243028
0.6270703125,13.0265189243028
0.627109375,13.0265189243028
0.6271484375,13.0265189243028
0.6271875,10.0265189243028
0.6272265625,5.02651892430276
0.627265625,2.02651892430276
0.6273046875,0.0265189243027635
0.62734375,-1.97348107569724
0.6273828125,-2.97348107569724
0.627421875,-4.97348107569724
0.6274609375,-8.97348107569724
